"기간","자치구","총전입","여성전입","남성전입","총전출","여성전출","남성전출"
2014.01,"강남구",7806,3703,4103,7731,3728,4003
2014.01,"강동구",4438,2173,2265,4899,2450,2449
2014.01,"강북구",2936,1392,1544,3475,1728,1747
2014.01,"강서구",5938,2888,3050,6139,2911,3228
2014.01,"관악구",6620,3369,3251,7261,3718,3543
2014.01,"광진구",3776,1795,1981,4178,2046,2132
2014.01,"구로구",4177,2037,2140,4310,2158,2152
2014.01,"금천구",2253,1177,1076,2492,1326,1166
2014.01,"노원구",5235,2557,2678,6386,3115,3271
2014.01,"도봉구",3037,1473,1564,3420,1692,1728
2014.01,"동대문구",3445,1783,1662,3764,1948,1816
2014.01,"동작구",4934,2364,2570,5173,2505,2668
2014.01,"마포구",4334,2096,2238,4470,2158,2312
2014.01,"서대문구",3122,1533,1589,3316,1601,1715
2014.01,"서초구",7352,3488,3864,6055,2920,3135
2014.01,"성동구",2902,1396,1506,3224,1603,1621
2014.01,"성북구",4752,2268,2484,5087,2520,2567
2014.01,"송파구",8954,4334,4620,7183,3366,3817
2014.01,"양천구",4494,2227,2267,5007,2496,2511
2014.01,"영등포구",4104,2108,1996,4485,2265,2220
2014.01,"용산구",2765,1359,1406,2868,1412,1456
2014.01,"은평구",5341,2537,2804,5909,2833,3076
2014.01,"종로구",1661,818,843,1998,1023,975
2014.01,"중구",1461,742,719,1689,876,813
2014.01,"중랑구",5257,2577,2680,4847,2361,2486
2014.02,"강남구",11261,5493,5768,10765,5217,5548
2014.02,"강동구",6164,3089,3075,6717,3343,3374
2014.02,"강북구",3957,1928,2029,4450,2181,2269
2014.02,"강서구",7478,3724,3754,8172,4052,4120
2014.02,"관악구",9251,4763,4488,9456,4882,4574
2014.02,"광진구",5508,2688,2820,5766,2903,2863
2014.02,"구로구",6895,3370,3525,6241,3070,3171
2014.02,"금천구",2966,1553,1413,3167,1650,1517
2014.02,"노원구",8046,3922,4124,9000,4400,4600
2014.02,"도봉구",4051,1993,2058,4693,2335,2358
2014.02,"동대문구",5211,2652,2559,5577,2885,2692
2014.02,"동작구",6930,3439,3491,6719,3346,3373
2014.02,"마포구",5980,2805,3175,6245,3052,3193
2014.02,"서대문구",4511,2182,2329,4532,2221,2311
2014.02,"서초구",8887,4271,4616,8358,4112,4246
2014.02,"성동구",4431,2260,2171,4697,2383,2314
2014.02,"성북구",6930,3349,3581,7218,3529,3689
2014.02,"송파구",12341,6061,6280,10518,5295,5223
2014.02,"양천구",6643,3309,3334,7163,3654,3509
2014.02,"영등포구",5813,2879,2934,6448,3295,3153
2014.02,"용산구",3702,1833,1869,3827,1900,1927
2014.02,"은평구",6576,3203,3373,7429,3677,3752
2014.02,"종로구",2611,1284,1327,2654,1366,1288
2014.02,"중구",1990,990,1000,2149,1107,1042
2014.02,"중랑구",7296,3678,3618,6300,3176,3124
2014.03,"강남구",10666,5218,5448,10176,5010,5166
2014.03,"강동구",6207,3136,3071,6915,3534,3381
2014.03,"강북구",4322,2141,2181,4980,2473,2507
2014.03,"강서구",7634,3862,3772,8062,4057,4005
2014.03,"관악구",9565,5118,4447,9548,4978,4570
2014.03,"광진구",5787,2883,2904,6118,3072,3046
2014.03,"구로구",6665,3283,3382,5998,2991,3007
2014.03,"금천구",3255,1687,1568,3589,1869,1720
2014.03,"노원구",7124,3487,3637,7948,3889,4059
2014.03,"도봉구",4344,2140,2204,4428,2212,2216
2014.03,"동대문구",4895,2554,2341,5172,2695,2477
2014.03,"동작구",6335,3243,3092,6445,3272,3173
2014.03,"마포구",6218,3049,3169,6144,3002,3142
2014.03,"서대문구",4599,2305,2294,4732,2376,2356
2014.03,"서초구",6542,3215,3327,7240,3590,3650
2014.03,"성동구",4913,2510,2403,4685,2442,2243
2014.03,"성북구",6366,3092,3274,6762,3389,3373
2014.03,"송파구",9278,4534,4744,9965,4988,4977
2014.03,"양천구",5874,2975,2899,6417,3253,3164
2014.03,"영등포구",5997,3075,2922,5999,3127,2872
2014.03,"용산구",3585,1834,1751,3923,1973,1950
2014.03,"은평구",6956,3417,3539,7528,3738,3790
2014.03,"종로구",2528,1332,1196,2725,1408,1317
2014.03,"중구",2084,1082,1002,2333,1227,1106
2014.03,"중랑구",6378,3199,3179,6428,3227,3201
2014.04,"강남구",9816,4747,5069,8626,4177,4449
2014.04,"강동구",6127,3089,3038,6950,3517,3433
2014.04,"강북구",4264,2179,2085,4740,2375,2365
2014.04,"강서구",7405,3620,3785,7636,3823,3813
2014.04,"관악구",8251,4389,3862,8552,4456,4096
2014.04,"광진구",5083,2536,2547,5694,2834,2860
2014.04,"구로구",5862,2952,2910,5652,2867,2785
2014.04,"금천구",3277,1688,1589,3586,1909,1677
2014.04,"노원구",6411,3179,3232,7037,3517,3520
2014.04,"도봉구",4152,2056,2096,4588,2279,2309
2014.04,"동대문구",4492,2364,2128,4904,2552,2352
2014.04,"동작구",5592,2842,2750,5874,2935,2939
2014.04,"마포구",5491,2688,2803,5674,2793,2881
2014.04,"서대문구",4113,2097,2016,4230,2135,2095
2014.04,"서초구",5690,2735,2955,6401,3123,3278
2014.04,"성동구",4504,2264,2240,4428,2261,2167
2014.04,"성북구",5518,2717,2801,6345,3184,3161
2014.04,"송파구",8367,4108,4259,9558,4759,4799
2014.04,"양천구",5651,2823,2828,6002,3033,2969
2014.04,"영등포구",6001,3090,2911,6141,3155,2986
2014.04,"용산구",3151,1606,1545,3613,1827,1786
2014.04,"은평구",6948,3400,3548,7403,3645,3758
2014.04,"종로구",2337,1142,1195,2609,1357,1252
2014.04,"중구",1790,941,849,2045,1064,981
2014.04,"중랑구",5937,3056,2881,6398,3275,3123
2014.05,"강남구",9556,4551,5005,8369,3990,4379
2014.05,"강동구",5990,2904,3086,6707,3315,3392
2014.05,"강북구",4485,2188,2297,4603,2234,2369
2014.05,"강서구",6884,3290,3594,7225,3483,3742
2014.05,"관악구",7849,4009,3840,8385,4325,4060
2014.05,"광진구",5129,2480,2649,5807,2805,3002
2014.05,"구로구",5194,2536,2658,5294,2570,2724
2014.05,"금천구",3070,1572,1498,3256,1698,1558
2014.05,"노원구",5962,2869,3093,6723,3313,3410
2014.05,"도봉구",4033,1973,2060,4601,2226,2375
2014.05,"동대문구",4333,2176,2157,4793,2417,2376
2014.05,"동작구",5574,2704,2870,5614,2752,2862
2014.05,"마포구",5221,2437,2784,5442,2642,2800
2014.05,"서대문구",3715,1804,1911,3921,1881,2040
2014.05,"서초구",5711,2736,2975,5883,2922,2961
2014.05,"성동구",4023,1974,2049,4219,2082,2137
2014.05,"성북구",5364,2617,2747,6199,3014,3185
2014.05,"송파구",7991,3845,4146,8799,4248,4551
2014.05,"양천구",5060,2490,2570,5484,2721,2763
2014.05,"영등포구",5270,2679,2591,5551,2909,2642
2014.05,"용산구",3117,1535,1582,3314,1670,1644
2014.05,"은평구",6669,3213,3456,7028,3399,3629
2014.05,"종로구",2010,988,1022,2246,1113,1133
2014.05,"중구",1770,880,890,1892,956,936
2014.05,"중랑구",5665,2686,2979,5877,2852,3025
2014.06,"강남구",7692,3711,3981,7358,3604,3754
2014.06,"강동구",5111,2565,2546,5607,2843,2764
2014.06,"강북구",4632,2250,2382,4543,2276,2267
2014.06,"강서구",11073,5292,5781,8883,4291,4592
2014.06,"관악구",6953,3583,3370,7705,3999,3706
2014.06,"광진구",4325,2122,2203,4933,2429,2504
2014.06,"구로구",5658,2805,2853,5651,2881,2770
2014.06,"금천구",2775,1414,1361,3211,1645,1566
2014.06,"노원구",5173,2462,2711,6004,2933,3071
2014.06,"도봉구",3707,1815,1892,4103,2055,2048
2014.06,"동대문구",4215,2097,2118,4826,2420,2406
2014.06,"동작구",4793,2342,2451,5373,2645,2728
2014.06,"마포구",4261,2081,2180,5094,2469,2625
2014.06,"서대문구",3430,1691,1739,3829,1891,1938
2014.06,"서초구",5517,2663,2854,5160,2523,2637
2014.06,"성동구",3494,1741,1753,3810,1922,1888
2014.06,"성북구",5353,2665,2688,6672,3303,3369
2014.06,"송파구",7150,3470,3680,7925,3915,4010
2014.06,"양천구",4597,2216,2381,5708,2783,2925
2014.06,"영등포구",4732,2403,2329,5318,2697,2621
2014.06,"용산구",2757,1374,1383,3207,1569,1638
2014.06,"은평구",6039,2931,3108,6406,3151,3255
2014.06,"종로구",1831,926,905,2125,1079,1046
2014.06,"중구",1615,849,766,1870,961,909
2014.06,"중랑구",5664,2817,2847,5621,2810,2811
2014.07,"강남구",9781,4675,5106,8590,4140,4450
2014.07,"강동구",5027,2529,2498,5982,3002,2980
2014.07,"강북구",4286,2135,2151,4381,2212,2169
2014.07,"강서구",13750,6720,7030,9905,4826,5079
2014.07,"관악구",6952,3641,3311,7832,4038,3794
2014.07,"광진구",4262,2187,2075,5058,2567,2491
2014.07,"구로구",4959,2485,2474,5233,2612,2621
2014.07,"금천구",2719,1440,1279,2981,1555,1426
2014.07,"노원구",5555,2728,2827,6206,3073,3133
2014.07,"도봉구",3467,1685,1782,4109,2013,2096
2014.07,"동대문구",4096,2095,2001,4740,2424,2316
2014.07,"동작구",4792,2401,2391,5427,2770,2657
2014.07,"마포구",4686,2276,2410,5565,2701,2864
2014.07,"서대문구",3516,1723,1793,3896,1924,1972
2014.07,"서초구",6881,3292,3589,5908,2860,3048
2014.07,"성동구",3631,1807,1824,4048,2045,2003
2014.07,"성북구",5150,2557,2593,6363,3201,3162
2014.07,"송파구",7207,3486,3721,8202,4038,4164
2014.07,"양천구",4891,2382,2509,6380,3194,3186
2014.07,"영등포구",4469,2259,2210,5283,2674,2609
2014.07,"용산구",2711,1345,1366,3287,1601,1686
2014.07,"은평구",5701,2796,2905,6400,3151,3249
2014.07,"종로구",1856,898,958,2305,1170,1135
2014.07,"중구",1556,816,740,1795,941,854
2014.07,"중랑구",6463,3228,3235,6007,2974,3033
2014.08,"강남구",10340,4991,5349,8426,4087,4339
2014.08,"강동구",4858,2421,2437,5786,2909,2877
2014.08,"강북구",3629,1821,1808,3871,1914,1957
2014.08,"강서구",13762,6758,7004,9507,4675,4832
2014.08,"관악구",6500,3423,3077,7430,3886,3544
2014.08,"광진구",4386,2142,2244,4998,2527,2471
2014.08,"구로구",4470,2244,2226,5088,2544,2544
2014.08,"금천구",2372,1238,1134,2749,1444,1305
2014.08,"노원구",5509,2630,2879,6211,2993,3218
2014.08,"도봉구",3428,1699,1729,3815,1897,1918
2014.08,"동대문구",3876,2035,1841,4415,2286,2129
2014.08,"동작구",4600,2331,2269,5297,2661,2636
2014.08,"마포구",5072,2528,2544,5495,2678,2817
2014.08,"서대문구",3285,1606,1679,3757,1892,1865
2014.08,"서초구",7538,3686,3852,5787,2808,2979
2014.08,"성동구",3196,1606,1590,3948,1965,1983
2014.08,"성북구",4831,2386,2445,6084,3049,3035
2014.08,"송파구",7099,3502,3597,8622,4172,4450
2014.08,"양천구",4947,2436,2511,6084,3019,3065
2014.08,"영등포구",4177,2147,2030,5073,2579,2494
2014.08,"용산구",2538,1234,1304,3048,1486,1562
2014.08,"은평구",5526,2665,2861,6263,3078,3185
2014.08,"종로구",1761,915,846,1970,1005,965
2014.08,"중구",1445,738,707,1688,876,812
2014.08,"중랑구",5777,2863,2914,5173,2574,2599
2014.09,"강남구",8983,4378,4605,7990,3966,4024
2014.09,"강동구",4845,2449,2396,5652,2830,2822
2014.09,"강북구",3611,1789,1822,4039,2059,1980
2014.09,"강서구",9300,4573,4727,7482,3732,3750
2014.09,"관악구",6715,3579,3136,7377,3866,3511
2014.09,"광진구",4087,2027,2060,4764,2394,2370
2014.09,"구로구",4232,2167,2065,4566,2353,2213
2014.09,"금천구",2486,1310,1176,2687,1450,1237
2014.09,"노원구",5553,2736,2817,5990,2986,3004
2014.09,"도봉구",3397,1755,1642,3977,1994,1983
2014.09,"동대문구",6211,3177,3034,5251,2722,2529
2014.09,"동작구",4356,2238,2118,5090,2575,2515
2014.09,"마포구",4586,2217,2369,4900,2452,2448
2014.09,"서대문구",3300,1638,1662,3512,1730,1782
2014.09,"서초구",6021,2916,3105,5185,2527,2658
2014.09,"성동구",3450,1747,1703,4061,2047,2014
2014.09,"성북구",4793,2348,2445,5835,2862,2973
2014.09,"송파구",7121,3522,3599,8208,4042,4166
2014.09,"양천구",4446,2159,2287,5051,2558,2493
2014.09,"영등포구",4076,2150,1926,4695,2438,2257
2014.09,"용산구",2557,1275,1282,2997,1518,1479
2014.09,"은평구",5445,2660,2785,5959,2952,3007
2014.09,"종로구",1868,991,877,2018,1057,961
2014.09,"중구",1455,737,718,1583,794,789
2014.09,"중랑구",4821,2408,2413,4972,2503,2469
2014.1,"강남구",10106,4922,5184,8928,4308,4620
2014.1,"강동구",6150,3051,3099,7075,3541,3534
2014.1,"강북구",4359,2161,2198,4976,2466,2510
2014.1,"강서구",10326,5058,5268,8865,4420,4445
2014.1,"관악구",7978,4066,3912,8838,4551,4287
2014.1,"광진구",5154,2616,2538,6051,3051,3000
2014.1,"구로구",5133,2473,2660,6035,3058,2977
2014.1,"금천구",2894,1497,1397,3257,1673,1584
2014.1,"노원구",6572,3184,3388,7278,3530,3748
2014.1,"도봉구",4397,2155,2242,4964,2469,2495
2014.1,"동대문구",6853,3406,3447,5989,3008,2981
2014.1,"동작구",5375,2636,2739,6358,3146,3212
2014.1,"마포구",7789,3784,4005,6071,2987,3084
2014.1,"서대문구",3933,1938,1995,5010,2426,2584
2014.1,"서초구",7080,3392,3688,6107,3021,3086
2014.1,"성동구",4301,2174,2127,5221,2626,2595
2014.1,"성북구",5415,2629,2786,6805,3302,3503
2014.1,"송파구",8258,4090,4168,10045,4955,5090
2014.1,"양천구",5640,2829,2811,6303,3145,3158
2014.1,"영등포구",5036,2566,2470,5813,2959,2854
2014.1,"용산구",3081,1548,1533,3716,1868,1848
2014.1,"은평구",6917,3340,3577,7433,3663,3770
2014.1,"종로구",2012,991,1021,2325,1166,1159
2014.1,"중구",1761,912,849,1963,975,988
2014.1,"중랑구",5759,2850,2909,5975,2971,3004
2014.11,"강남구",9280,4503,4777,8025,3882,4143
2014.11,"강동구",5474,2702,2772,6361,3159,3202
2014.11,"강북구",3892,1911,1981,4244,2097,2147
2014.11,"강서구",8029,3937,4092,7310,3598,3712
2014.11,"관악구",6757,3488,3269,7704,4035,3669
2014.11,"광진구",4504,2162,2342,5354,2622,2732
2014.11,"구로구",4657,2335,2322,5254,2649,2605
2014.11,"금천구",2691,1402,1289,2980,1557,1423
2014.11,"노원구",5906,2868,3038,6946,3368,3578
2014.11,"도봉구",3832,1908,1924,4302,2143,2159
2014.11,"동대문구",5276,2656,2620,5028,2549,2479
2014.11,"동작구",4636,2304,2332,5435,2734,2701
2014.11,"마포구",7979,3834,4145,5873,2841,3032
2014.11,"서대문구",3437,1670,1767,4300,2111,2189
2014.11,"서초구",5540,2699,2841,5688,2770,2918
2014.11,"성동구",3874,1957,1917,4448,2282,2166
2014.11,"성북구",5126,2467,2659,6255,3073,3182
2014.11,"송파구",7637,3790,3847,8786,4279,4507
2014.11,"양천구",4823,2392,2431,5152,2593,2559
2014.11,"영등포구",4264,2113,2151,5114,2590,2524
2014.11,"용산구",2652,1304,1348,3337,1609,1728
2014.11,"은평구",5739,2834,2905,6405,3157,3248
2014.11,"종로구",1741,922,819,2091,1092,999
2014.11,"중구",1566,795,771,1928,948,980
2014.11,"중랑구",4987,2487,2500,5147,2638,2509
2014.12,"강남구",10619,5091,5528,9428,4652,4776
2014.12,"강동구",6021,2999,3022,6924,3444,3480
2014.12,"강북구",3851,1911,1940,4339,2121,2218
2014.12,"강서구",7857,3765,4092,7362,3600,3762
2014.12,"관악구",7596,3886,3710,8094,4210,3884
2014.12,"광진구",4777,2335,2442,5468,2695,2773
2014.12,"구로구",4902,2447,2455,5703,2808,2895
2014.12,"금천구",2752,1427,1325,3116,1592,1524
2014.12,"노원구",6457,3165,3292,8019,3957,4062
2014.12,"도봉구",3813,1826,1987,4552,2229,2323
2014.12,"동대문구",5012,2508,2504,5199,2594,2605
2014.12,"동작구",5374,2647,2727,6312,3178,3134
2014.12,"마포구",7236,3538,3698,6173,2987,3186
2014.12,"서대문구",4127,2028,2099,4782,2382,2400
2014.12,"서초구",6564,3233,3331,6740,3307,3433
2014.12,"성동구",3802,1888,1914,4560,2292,2268
2014.12,"성북구",5484,2671,2813,6896,3359,3537
2014.12,"송파구",8320,4051,4269,9679,4766,4913
2014.12,"양천구",5436,2612,2824,6021,3004,3017
2014.12,"영등포구",5118,2598,2520,5742,2933,2809
2014.12,"용산구",3002,1513,1489,3498,1717,1781
2014.12,"은평구",6093,2938,3155,6687,3214,3473
2014.12,"종로구",1975,938,1037,2418,1215,1203
2014.12,"중구",1612,824,788,2037,1094,943
2014.12,"중랑구",5153,2576,2577,5752,2859,2893
2015.01,"강남구",9034,4402,4632,8464,4099,4365
2015.01,"강동구",4969,2425,2544,5823,2881,2942
2015.01,"강북구",3136,1522,1614,3251,1573,1678
2015.01,"강서구",6726,3229,3497,6236,3053,3183
2015.01,"관악구",7257,3715,3542,7193,3755,3438
2015.01,"광진구",4193,1989,2204,4529,2212,2317
2015.01,"구로구",4162,2027,2135,4599,2264,2335
2015.01,"금천구",2394,1204,1190,2356,1224,1132
2015.01,"노원구",5538,2680,2858,6198,3024,3174
2015.01,"도봉구",3203,1548,1655,3495,1727,1768
2015.01,"동대문구",4255,2184,2071,4560,2296,2264
2015.01,"동작구",4830,2356,2474,5157,2564,2593
2015.01,"마포구",6298,2963,3335,5205,2529,2676
2015.01,"서대문구",3471,1626,1845,3969,1962,2007
2015.01,"서초구",6405,3040,3365,5998,2972,3026
2015.01,"성동구",3555,1786,1769,3807,1928,1879
2015.01,"성북구",4844,2390,2454,5329,2634,2695
2015.01,"송파구",7394,3589,3805,7832,3798,4034
2015.01,"양천구",5018,2463,2555,4873,2432,2441
2015.01,"영등포구",4744,2415,2329,4591,2355,2236
2015.01,"용산구",2779,1337,1442,3061,1518,1543
2015.01,"은평구",5374,2626,2748,5316,2572,2744
2015.01,"종로구",1815,930,885,2095,1057,1038
2015.01,"중구",1539,782,757,1675,865,810
2015.01,"중랑구",4025,2019,2006,4401,2196,2205
2015.02,"강남구",10399,4957,5442,10042,4906,5136
2015.02,"강동구",5533,2766,2767,7207,3556,3651
2015.02,"강북구",3212,1546,1666,3405,1679,1726
2015.02,"강서구",7694,3701,3993,7409,3665,3744
2015.02,"관악구",8173,4250,3923,8077,4215,3862
2015.02,"광진구",4897,2351,2546,4961,2407,2554
2015.02,"구로구",4516,2163,2353,4982,2466,2516
2015.02,"금천구",2245,1187,1058,2393,1248,1145
2015.02,"노원구",6778,3386,3392,7282,3620,3662
2015.02,"도봉구",3338,1645,1693,3545,1809,1736
2015.02,"동대문구",5141,2558,2583,5096,2589,2507
2015.02,"동작구",6001,3023,2978,6425,3193,3232
2015.02,"마포구",7242,3523,3719,6158,3041,3117
2015.02,"서대문구",4313,2111,2202,4815,2403,2412
2015.02,"서초구",7328,3550,3778,7585,3690,3895
2015.02,"성동구",3941,2002,1939,4186,2137,2049
2015.02,"성북구",6240,3023,3217,6371,3109,3262
2015.02,"송파구",9183,4482,4701,9245,4539,4706
2015.02,"양천구",5858,2935,2923,6072,3015,3057
2015.02,"영등포구",5011,2570,2441,5323,2710,2613
2015.02,"용산구",3023,1468,1555,3113,1554,1559
2015.02,"은평구",6057,2933,3124,5855,2901,2954
2015.02,"종로구",2203,1107,1096,2433,1267,1166
2015.02,"중구",1634,851,783,1691,871,820
2015.02,"중랑구",4208,2095,2113,4633,2301,2332
2015.03,"강남구",9810,4784,5026,11548,5602,5946
2015.03,"강동구",8071,4025,4046,10473,5299,5174
2015.03,"강북구",4364,2167,2197,4656,2355,2301
2015.03,"강서구",9290,4584,4706,8979,4473,4506
2015.03,"관악구",10256,5413,4843,10075,5300,4775
2015.03,"광진구",6199,3082,3117,6531,3322,3209
2015.03,"구로구",5755,2812,2943,5696,2895,2801
2015.03,"금천구",3303,1765,1538,3438,1848,1590
2015.03,"노원구",7310,3636,3674,8141,4017,4124
2015.03,"도봉구",4602,2261,2341,4756,2358,2398
2015.03,"동대문구",6421,3345,3076,6362,3307,3055
2015.03,"동작구",7086,3547,3539,6861,3463,3398
2015.03,"마포구",7564,3688,3876,7468,3640,3828
2015.03,"서대문구",5164,2552,2612,5557,2790,2767
2015.03,"서초구",7995,3846,4149,9888,4840,5048
2015.03,"성동구",4717,2376,2341,4887,2474,2413
2015.03,"성북구",7160,3483,3677,7478,3724,3754
2015.03,"송파구",10411,5122,5289,10612,5289,5323
2015.03,"양천구",5933,2994,2939,6371,3198,3173
2015.03,"영등포구",5967,3049,2918,6295,3270,3025
2015.03,"용산구",3800,1917,1883,4113,2051,2062
2015.03,"은평구",7786,3769,4017,7723,3776,3947
2015.03,"종로구",3048,1584,1464,3038,1560,1478
2015.03,"중구",2050,1080,970,2198,1156,1042
2015.03,"중랑구",6331,3109,3222,6623,3323,3300
2015.04,"강남구",8496,4184,4312,9887,4893,4994
2015.04,"강동구",6801,3406,3395,9303,4733,4570
2015.04,"강북구",4409,2239,2170,4779,2409,2370
2015.04,"강서구",8096,3996,4100,7947,3939,4008
2015.04,"관악구",8552,4463,4089,8755,4543,4212
2015.04,"광진구",5444,2692,2752,5873,2894,2979
2015.04,"구로구",5012,2521,2491,5346,2689,2657
2015.04,"금천구",3252,1713,1539,3311,1762,1549
2015.04,"노원구",6104,3028,3076,6745,3360,3385
2015.04,"도봉구",4376,2228,2148,4338,2225,2113
2015.04,"동대문구",5102,2596,2506,5353,2755,2598
2015.04,"동작구",5979,3033,2946,6310,3201,3109
2015.04,"마포구",6018,2907,3111,5942,2888,3054
2015.04,"서대문구",4285,2156,2129,4592,2234,2358
2015.04,"서초구",6423,3088,3335,7913,3911,4002
2015.04,"성동구",4153,2131,2022,4053,2068,1985
2015.04,"성북구",5490,2715,2775,6417,3218,3199
2015.04,"송파구",8747,4306,4441,9335,4566,4769
2015.04,"양천구",5195,2629,2566,5514,2808,2706
2015.04,"영등포구",5257,2680,2577,5633,2932,2701
2015.04,"용산구",3330,1689,1641,3592,1800,1792
2015.04,"은평구",6969,3451,3518,7274,3601,3673
2015.04,"종로구",2002,1057,945,2284,1170,1114
2015.04,"중구",1759,930,829,2010,1057,953
2015.04,"중랑구",6492,3294,3198,6354,3257,3097
2015.05,"강남구",7472,3556,3916,8891,4258,4633
2015.05,"강동구",6678,3323,3355,8625,4280,4345
2015.05,"강북구",4412,2173,2239,4786,2353,2433
2015.05,"강서구",7741,3812,3929,7775,3896,3879
2015.05,"관악구",7679,3959,3720,8545,4434,4111
2015.05,"광진구",4872,2375,2497,5317,2628,2689
2015.05,"구로구",4815,2387,2428,5222,2642,2580
2015.05,"금천구",2991,1556,1435,3190,1659,1531
2015.05,"노원구",6225,3001,3224,7011,3406,3605
2015.05,"도봉구",4530,2240,2290,4664,2341,2323
2015.05,"동대문구",4427,2261,2166,4923,2479,2444
2015.05,"동작구",5464,2654,2810,5944,2968,2976
2015.05,"마포구",6546,3186,3360,5779,2929,2850
2015.05,"서대문구",3826,1871,1955,4523,2231,2292
2015.05,"서초구",5535,2645,2890,6576,3201,3375
2015.05,"성동구",5354,2618,2736,4400,2165,2235
2015.05,"성북구",5873,2831,3042,6794,3345,3449
2015.05,"송파구",8373,4087,4286,8832,4375,4457
2015.05,"양천구",5421,2708,2713,5697,2825,2872
2015.05,"영등포구",4679,2366,2313,5369,2751,2618
2015.05,"용산구",3048,1477,1571,3396,1658,1738
2015.05,"은평구",7085,3467,3618,7360,3622,3738
2015.05,"종로구",1858,969,889,2246,1119,1127
2015.05,"중구",1552,774,778,2043,1083,960
2015.05,"중랑구",5903,2985,2918,6127,3093,3034
2015.06,"강남구",8317,3984,4333,9221,4446,4775
2015.06,"강동구",6534,3282,3252,9311,4722,4589
2015.06,"강북구",4322,2123,2199,4803,2397,2406
2015.06,"강서구",8231,3995,4236,8012,4027,3985
2015.06,"관악구",8066,4202,3864,8986,4667,4319
2015.06,"광진구",5038,2478,2560,5622,2765,2857
2015.06,"구로구",4995,2482,2513,5612,2897,2715
2015.06,"금천구",3145,1695,1450,3344,1735,1609
2015.06,"노원구",6066,2967,3099,6945,3425,3520
2015.06,"도봉구",4474,2170,2304,4729,2349,2380
2015.06,"동대문구",4633,2352,2281,5391,2784,2607
2015.06,"동작구",5547,2756,2791,6475,3296,3179
2015.06,"마포구",6113,2940,3173,6045,2971,3074
2015.06,"서대문구",3722,1838,1884,4453,2180,2273
2015.06,"서초구",6453,3089,3364,6804,3286,3518
2015.06,"성동구",4875,2403,2472,4177,2089,2088
2015.06,"성북구",6132,3054,3078,6884,3419,3465
2015.06,"송파구",8556,4196,4360,9319,4616,4703
2015.06,"양천구",5419,2668,2751,6012,2941,3071
2015.06,"영등포구",4852,2465,2387,5597,2838,2759
2015.06,"용산구",3189,1592,1597,3599,1799,1800
2015.06,"은평구",7049,3503,3546,7303,3649,3654
2015.06,"종로구",1961,955,1006,2386,1202,1184
2015.06,"중구",1638,839,799,2058,1061,997
2015.06,"중랑구",6073,2960,3113,6690,3347,3343
2015.07,"강남구",10167,4944,5223,9233,4428,4805
2015.07,"강동구",5866,2893,2973,7859,3887,3972
2015.07,"강북구",4107,2101,2006,4498,2263,2235
2015.07,"강서구",7809,3893,3916,7651,3814,3837
2015.07,"관악구",7730,3993,3737,8545,4441,4104
2015.07,"광진구",4916,2442,2474,5338,2701,2637
2015.07,"구로구",4524,2249,2275,5227,2652,2575
2015.07,"금천구",2750,1432,1318,3004,1589,1415
2015.07,"노원구",5994,2922,3072,6576,3253,3323
2015.07,"도봉구",4235,2133,2102,4511,2267,2244
2015.07,"동대문구",4461,2360,2101,5124,2670,2454
2015.07,"동작구",5283,2593,2690,6389,3165,3224
2015.07,"마포구",5485,2636,2849,5706,2796,2910
2015.07,"서대문구",3675,1836,1839,4101,1982,2119
2015.07,"서초구",6875,3302,3573,6748,3273,3475
2015.07,"성동구",3757,1903,1854,3839,1957,1882
2015.07,"성북구",5539,2742,2797,6414,3192,3222
2015.07,"송파구",7980,3941,4039,9004,4482,4522
2015.07,"양천구",5774,2920,2854,6075,3055,3020
2015.07,"영등포구",4820,2479,2341,5416,2804,2612
2015.07,"용산구",3077,1525,1552,3464,1742,1722
2015.07,"은평구",6284,3050,3234,6548,3203,3345
2015.07,"종로구",1995,996,999,2304,1201,1103
2015.07,"중구",1610,831,779,1945,1008,937
2015.07,"중랑구",5320,2611,2709,6237,3152,3085
2015.08,"강남구",8812,4314,4498,9026,4376,4650
2015.08,"강동구",5726,2865,2861,7115,3552,3563
2015.08,"강북구",3964,1962,2002,4476,2256,2220
2015.08,"강서구",7445,3739,3706,7305,3598,3707
2015.08,"관악구",7618,4037,3581,8238,4312,3926
2015.08,"광진구",4652,2296,2356,5229,2590,2639
2015.08,"구로구",4487,2184,2303,5276,2638,2638
2015.08,"금천구",2798,1441,1357,3144,1628,1516
2015.08,"노원구",6029,2971,3058,7008,3491,3517
2015.08,"도봉구",4081,2019,2062,4550,2236,2314
2015.08,"동대문구",4734,2467,2267,5221,2677,2544
2015.08,"동작구",5471,2738,2733,6884,3449,3435
2015.08,"마포구",5335,2505,2830,5733,2768,2965
2015.08,"서대문구",3630,1792,1838,4202,2090,2112
2015.08,"서초구",6763,3244,3519,6612,3220,3392
2015.08,"성동구",3859,1941,1918,4036,2024,2012
2015.08,"성북구",5322,2553,2769,6186,3106,3080
2015.08,"송파구",8145,4023,4122,8995,4432,4563
2015.08,"양천구",5736,2821,2915,5970,2980,2990
2015.08,"영등포구",4556,2366,2190,5256,2683,2573
2015.08,"용산구",3075,1526,1549,3552,1725,1827
2015.08,"은평구",7761,3746,4015,7423,3651,3772
2015.08,"종로구",2058,1063,995,2231,1132,1099
2015.08,"중구",1546,791,755,1786,941,845
2015.08,"중랑구",5114,2614,2500,6174,3136,3038
2015.09,"강남구",7123,3529,3594,8080,3969,4111
2015.09,"강동구",5206,2548,2658,6090,3016,3074
2015.09,"강북구",3606,1793,1813,4012,1979,2033
2015.09,"강서구",7282,3561,3721,7365,3607,3758
2015.09,"관악구",6880,3541,3339,7402,3846,3556
2015.09,"광진구",4094,2046,2048,4627,2287,2340
2015.09,"구로구",4034,2012,2022,4810,2463,2347
2015.09,"금천구",2418,1273,1145,2843,1491,1352
2015.09,"노원구",5234,2567,2667,6115,3071,3044
2015.09,"도봉구",3706,1817,1889,4006,1959,2047
2015.09,"동대문구",3911,1999,1912,4403,2317,2086
2015.09,"동작구",4834,2405,2429,6170,3086,3084
2015.09,"마포구",4728,2236,2492,4995,2367,2628
2015.09,"서대문구",3342,1646,1696,3677,1837,1840
2015.09,"서초구",4959,2446,2513,5304,2595,2709
2015.09,"성동구",3329,1656,1673,3406,1716,1690
2015.09,"성북구",4491,2225,2266,5337,2648,2689
2015.09,"송파구",6914,3397,3517,7758,3797,3961
2015.09,"양천구",4665,2270,2395,5160,2577,2583
2015.09,"영등포구",3973,2027,1946,4570,2331,2239
2015.09,"용산구",2821,1393,1428,3175,1590,1585
2015.09,"은평구",6924,3324,3600,7203,3544,3659
2015.09,"종로구",2143,1063,1080,1940,968,972
2015.09,"중구",1444,762,682,1593,817,776
2015.09,"중랑구",4742,2394,2348,5648,2834,2814
2015.1,"강남구",10409,5041,5368,9955,4842,5113
2015.1,"강동구",6246,3142,3104,7583,3822,3761
2015.1,"강북구",4161,2115,2046,4724,2364,2360
2015.1,"강서구",8579,4153,4426,9049,4507,4542
2015.1,"관악구",7715,4016,3699,8518,4392,4126
2015.1,"광진구",5050,2513,2537,5537,2728,2809
2015.1,"구로구",5126,2546,2580,5904,2987,2917
2015.1,"금천구",3029,1552,1477,3601,1826,1775
2015.1,"노원구",6176,3018,3158,7010,3436,3574
2015.1,"도봉구",4405,2170,2235,4876,2459,2417
2015.1,"동대문구",4545,2273,2272,4963,2528,2435
2015.1,"동작구",5430,2756,2674,6815,3476,3339
2015.1,"마포구",5592,2653,2939,6160,3024,3136
2015.1,"서대문구",4165,2023,2142,4486,2111,2375
2015.1,"서초구",5930,2795,3135,6226,2994,3232
2015.1,"성동구",3781,1904,1877,4258,2142,2116
2015.1,"성북구",5476,2657,2819,6412,3187,3225
2015.1,"송파구",8430,4185,4245,9684,4815,4869
2015.1,"양천구",5855,2909,2946,6265,3147,3118
2015.1,"영등포구",4934,2537,2397,5932,2978,2954
2015.1,"용산구",3152,1580,1572,3745,1822,1923
2015.1,"은평구",7600,3661,3939,7999,3913,4086
2015.1,"종로구",2041,1022,1019,2160,1115,1045
2015.1,"중구",1855,976,879,1929,998,931
2015.1,"중랑구",5823,2921,2902,6711,3349,3362
2015.11,"강남구",8921,4334,4587,9424,4628,4796
2015.11,"강동구",5777,2929,2848,7106,3537,3569
2015.11,"강북구",3957,1936,2021,4519,2176,2343
2015.11,"강서구",7884,3834,4050,8446,4137,4309
2015.11,"관악구",7103,3623,3480,8176,4243,3933
2015.11,"광진구",4741,2345,2396,5123,2546,2577
2015.11,"구로구",5006,2415,2591,5700,2838,2862
2015.11,"금천구",3011,1570,1441,3440,1780,1660
2015.11,"노원구",5749,2836,2913,6753,3317,3436
2015.11,"도봉구",4100,2030,2070,4654,2260,2394
2015.11,"동대문구",4244,2166,2078,4806,2421,2385
2015.11,"동작구",5273,2568,2705,6260,3091,3169
2015.11,"마포구",5280,2566,2714,6552,3215,3337
2015.11,"서대문구",8676,4187,4489,5668,2760,2908
2015.11,"서초구",5501,2665,2836,6459,3152,3307
2015.11,"성동구",3342,1655,1687,3914,1940,1974
2015.11,"성북구",4990,2407,2583,6075,2959,3116
2015.11,"송파구",8562,4189,4373,9782,4866,4916
2015.11,"양천구",6150,3081,3069,6262,3110,3152
2015.11,"영등포구",4786,2422,2364,5585,2819,2766
2015.11,"용산구",2838,1429,1409,3107,1528,1579
2015.11,"은평구",6876,3317,3559,7767,3771,3996
2015.11,"종로구",1841,957,884,1992,999,993
2015.11,"중구",1741,845,896,1978,996,982
2015.11,"중랑구",5663,2869,2794,6074,3058,3016
2015.12,"강남구",9577,4631,4946,10752,5233,5519
2015.12,"강동구",6313,3205,3108,7699,3861,3838
2015.12,"강북구",3841,1876,1965,4331,2133,2198
2015.12,"강서구",7827,3820,4007,8327,4081,4246
2015.12,"관악구",7561,3849,3712,8214,4189,4025
2015.12,"광진구",4775,2294,2481,5233,2566,2667
2015.12,"구로구",4667,2318,2349,5678,2854,2824
2015.12,"금천구",2720,1406,1314,3239,1703,1536
2015.12,"노원구",6325,3059,3266,7888,3861,4027
2015.12,"도봉구",3911,1898,2013,4336,2091,2245
2015.12,"동대문구",4116,2086,2030,4715,2423,2292
2015.12,"동작구",5496,2681,2815,6406,3199,3207
2015.12,"마포구",5283,2532,2751,6511,3162,3349
2015.12,"서대문구",7460,3626,3834,5122,2511,2611
2015.12,"서초구",6376,3084,3292,7207,3544,3663
2015.12,"성동구",3442,1712,1730,4128,2081,2047
2015.12,"성북구",5247,2541,2706,6516,3163,3353
2015.12,"송파구",9299,4469,4830,10948,5338,5610
2015.12,"양천구",5565,2728,2837,6353,3179,3174
2015.12,"영등포구",5357,2728,2629,6111,3054,3057
2015.12,"용산구",2932,1431,1501,3444,1712,1732
2015.12,"은평구",6610,3234,3376,7558,3755,3803
2015.12,"종로구",1986,1000,986,2361,1189,1172
2015.12,"중구",1710,874,836,2044,1038,1006
2015.12,"중랑구",4944,2471,2473,5612,2814,2798
2016.01,"강남구",7970,3796,4174,8625,4200,4425
2016.01,"강동구",5410,2679,2731,6398,3175,3223
2016.01,"강북구",2920,1446,1474,3288,1640,1648
2016.01,"강서구",6786,3253,3533,6364,3166,3198
2016.01,"관악구",7141,3610,3531,6869,3583,3286
2016.01,"광진구",3932,1838,2094,4290,2132,2158
2016.01,"구로구",4011,1946,2065,4340,2190,2150
2016.01,"금천구",2345,1211,1134,2565,1369,1196
2016.01,"노원구",5374,2566,2808,6284,3065,3219
2016.01,"도봉구",3091,1491,1600,3302,1595,1707
2016.01,"동대문구",3664,1909,1755,3902,2021,1881
2016.01,"동작구",4948,2396,2552,5141,2509,2632
2016.01,"마포구",4622,2137,2485,5146,2478,2668
2016.01,"서대문구",4992,2420,2572,3826,1864,1962
2016.01,"서초구",5280,2528,2752,5767,2772,2995
2016.01,"성동구",2980,1497,1483,3182,1649,1533
2016.01,"성북구",4288,2051,2237,4788,2378,2410
2016.01,"송파구",8050,3860,4190,8797,4281,4516
2016.01,"양천구",4659,2338,2321,5082,2502,2580
2016.01,"영등포구",5317,2703,2614,5453,2763,2690
2016.01,"용산구",2567,1243,1324,2906,1434,1472
2016.01,"은평구",5440,2610,2830,5868,2862,3006
2016.01,"종로구",1853,929,924,2008,1017,991
2016.01,"중구",1479,758,721,1646,846,800
2016.01,"중랑구",3976,1971,2005,4112,2012,2100
2016.02,"강남구",10421,5015,5406,11346,5535,5811
2016.02,"강동구",6397,3218,3179,7827,3975,3852
2016.02,"강북구",3672,1826,1846,3949,1984,1965
2016.02,"강서구",7858,3826,4032,7728,3840,3888
2016.02,"관악구",9173,4794,4379,8887,4597,4290
2016.02,"광진구",5397,2540,2857,5526,2702,2824
2016.02,"구로구",4893,2482,2411,5255,2648,2607
2016.02,"금천구",2726,1448,1278,3022,1617,1405
2016.02,"노원구",7796,3907,3889,7926,3925,4001
2016.02,"도봉구",3604,1768,1836,4001,1992,2009
2016.02,"동대문구",5016,2552,2464,5255,2683,2572
2016.02,"동작구",6883,3402,3481,6789,3394,3395
2016.02,"마포구",6165,2920,3245,6376,3085,3291
2016.02,"서대문구",6037,2880,3157,4723,2334,2389
2016.02,"서초구",7100,3417,3683,7876,3816,4060
2016.02,"성동구",4080,2079,2001,4406,2292,2114
2016.02,"성북구",6122,2939,3183,6384,3111,3273
2016.02,"송파구",9659,4728,4931,11843,5820,6023
2016.02,"양천구",6233,3098,3135,6901,3455,3446
2016.02,"영등포구",6625,3319,3306,6810,3435,3375
2016.02,"용산구",3416,1681,1735,3688,1834,1854
2016.02,"은평구",6318,3079,3239,6976,3367,3609
2016.02,"종로구",2599,1306,1293,2539,1252,1287
2016.02,"중구",2114,1062,1052,2195,1140,1055
2016.02,"중랑구",4952,2504,2448,5239,2632,2607
2016.03,"강남구",8360,4088,4272,10605,5218,5387
2016.03,"강동구",5927,2996,2931,7487,3802,3685
2016.03,"강북구",4135,2085,2050,4434,2263,2171
2016.03,"강서구",7810,3888,3922,7531,3747,3784
2016.03,"관악구",9513,5195,4318,9259,4853,4406
2016.03,"광진구",5444,2683,2761,5671,2853,2818
2016.03,"구로구",4914,2421,2493,5078,2551,2527
2016.03,"금천구",2974,1571,1403,3214,1710,1504
2016.03,"노원구",7778,3946,3832,7692,3818,3874
2016.03,"도봉구",4033,2000,2033,4296,2179,2117
2016.03,"동대문구",5020,2600,2420,5170,2719,2451
2016.03,"동작구",6197,3021,3176,5995,2934,3061
2016.03,"마포구",6400,3125,3275,6902,3354,3548
2016.03,"서대문구",5607,2702,2905,4767,2288,2479
2016.03,"서초구",6098,2945,3153,6691,3215,3476
2016.03,"성동구",3882,1961,1921,4152,2106,2046
2016.03,"성북구",5938,2838,3100,6310,3064,3246
2016.03,"송파구",8715,4372,4343,10291,5148,5143
2016.03,"양천구",4827,2406,2421,5769,2894,2875
2016.03,"영등포구",5988,3032,2956,6321,3239,3082
2016.03,"용산구",3479,1728,1751,3769,1934,1835
2016.03,"은평구",7135,3474,3661,7748,3880,3868
2016.03,"종로구",2847,1439,1408,2679,1382,1297
2016.03,"중구",2115,1098,1017,1941,1018,923
2016.03,"중랑구",5744,2866,2878,5928,2983,2945
2016.04,"강남구",6944,3331,3613,8535,4090,4445
2016.04,"강동구",5252,2591,2661,6632,3359,3273
2016.04,"강북구",3707,1858,1849,3935,2007,1928
2016.04,"강서구",6686,3228,3458,6643,3305,3338
2016.04,"관악구",7369,3856,3513,7716,3969,3747
2016.04,"광진구",4659,2280,2379,4997,2457,2540
2016.04,"구로구",4176,2114,2062,4767,2431,2336
2016.04,"금천구",2746,1398,1348,2872,1470,1402
2016.04,"노원구",6049,2899,3150,6202,3065,3137
2016.04,"도봉구",3491,1761,1730,3749,1871,1878
2016.04,"동대문구",3839,1959,1880,4288,2174,2114
2016.04,"동작구",5004,2484,2520,4980,2429,2551
2016.04,"마포구",5298,2559,2739,6276,3130,3146
2016.04,"서대문구",4724,2334,2390,4300,2095,2205
2016.04,"서초구",4928,2378,2550,5483,2632,2851
2016.04,"성동구",3374,1704,1670,3457,1742,1715
2016.04,"성북구",4500,2195,2305,5079,2532,2547
2016.04,"송파구",7463,3717,3746,8420,4174,4246
2016.04,"양천구",4374,2172,2202,5175,2570,2605
2016.04,"영등포구",4756,2383,2373,5123,2554,2569
2016.04,"용산구",2691,1327,1364,2950,1440,1510
2016.04,"은평구",6523,3139,3384,7234,3545,3689
2016.04,"종로구",1769,906,863,2033,1044,989
2016.04,"중구",1646,845,801,1685,847,838
2016.04,"중랑구",5061,2493,2568,5156,2574,2582
2016.05,"강남구",7392,3556,3836,8718,4253,4465
2016.05,"강동구",5939,3003,2936,7891,3987,3904
2016.05,"강북구",3760,1870,1890,4227,2087,2140
2016.05,"강서구",7548,3642,3906,7539,3718,3821
2016.05,"관악구",7631,3997,3634,7969,4137,3832
2016.05,"광진구",4532,2255,2277,5154,2556,2598
2016.05,"구로구",4634,2255,2379,4909,2423,2486
2016.05,"금천구",2848,1465,1383,3043,1577,1466
2016.05,"노원구",5687,2774,2913,6028,2903,3125
2016.05,"도봉구",4017,1958,2059,4078,1997,2081
2016.05,"동대문구",3896,1990,1906,4543,2344,2199
2016.05,"동작구",5292,2588,2704,5246,2610,2636
2016.05,"마포구",5175,2528,2647,6001,2912,3089
2016.05,"서대문구",5052,2423,2629,5218,2587,2631
2016.05,"서초구",4979,2356,2623,5536,2664,2872
2016.05,"성동구",4204,2078,2126,3747,1880,1867
2016.05,"성북구",4666,2297,2369,5485,2747,2738
2016.05,"송파구",7781,3807,3974,8808,4373,4435
2016.05,"양천구",5394,2659,2735,6030,2993,3037
2016.05,"영등포구",4838,2487,2351,5422,2756,2666
2016.05,"용산구",2790,1409,1381,3108,1540,1568
2016.05,"은평구",7179,3492,3687,7751,3774,3977
2016.05,"종로구",1761,887,874,2099,1071,1028
2016.05,"중구",1526,760,766,1783,934,849
2016.05,"중랑구",5222,2604,2618,5368,2684,2684
2016.06,"강남구",7381,3536,3845,8236,3934,4302
2016.06,"강동구",5134,2565,2569,6689,3360,3329
2016.06,"강북구",3894,1941,1953,4166,2085,2081
2016.06,"강서구",7003,3463,3540,7344,3596,3748
2016.06,"관악구",7103,3730,3373,7680,3981,3699
2016.06,"광진구",4530,2197,2333,4919,2469,2450
2016.06,"구로구",4464,2192,2272,4759,2421,2338
2016.06,"금천구",2573,1335,1238,2843,1492,1351
2016.06,"노원구",4950,2360,2590,5910,2892,3018
2016.06,"도봉구",3684,1852,1832,3924,2003,1921
2016.06,"동대문구",3812,1966,1846,4634,2336,2298
2016.06,"동작구",5126,2505,2621,5077,2539,2538
2016.06,"마포구",5027,2437,2590,5934,2889,3045
2016.06,"서대문구",5032,2430,2602,5150,2543,2607
2016.06,"서초구",5349,2527,2822,5435,2566,2869
2016.06,"성동구",4061,2042,2019,3870,1929,1941
2016.06,"성북구",4620,2224,2396,5378,2625,2753
2016.06,"송파구",7659,3716,3943,8349,4087,4262
2016.06,"양천구",5863,2916,2947,6147,3130,3017
2016.06,"영등포구",4387,2222,2165,5469,2728,2741
2016.06,"용산구",2709,1354,1355,3019,1502,1517
2016.06,"은평구",6553,3183,3370,7122,3474,3648
2016.06,"종로구",1819,906,913,2199,1124,1075
2016.06,"중구",1533,767,766,1740,888,852
2016.06,"중랑구",5132,2580,2552,5469,2690,2779
2016.07,"강남구",7276,3554,3722,8120,3967,4153
2016.07,"강동구",4495,2255,2240,5451,2752,2699
2016.07,"강북구",3576,1757,1819,3807,1864,1943
2016.07,"강서구",7018,3459,3559,7826,3892,3934
2016.07,"관악구",6630,3490,3140,6923,3598,3325
2016.07,"광진구",4052,2041,2011,4441,2216,2225
2016.07,"구로구",3980,2032,1948,4527,2265,2262
2016.07,"금천구",2322,1211,1111,2577,1342,1235
2016.07,"노원구",4950,2461,2489,6018,3000,3018
2016.07,"도봉구",3192,1589,1603,3747,1888,1859
2016.07,"동대문구",3618,1909,1709,4267,2234,2033
2016.07,"동작구",4357,2212,2145,4696,2365,2331
2016.07,"마포구",4479,2135,2344,5177,2539,2638
2016.07,"서대문구",3787,1861,1926,4279,2137,2142
2016.07,"서초구",5333,2578,2755,5427,2616,2811
2016.07,"성동구",3280,1620,1660,3366,1691,1675
2016.07,"성북구",4497,2182,2315,5695,2811,2884
2016.07,"송파구",7480,3657,3823,7766,3954,3812
2016.07,"양천구",5323,2630,2693,5689,2836,2853
2016.07,"영등포구",4406,2284,2122,5491,2839,2652
2016.07,"용산구",2551,1290,1261,2813,1382,1431
2016.07,"은평구",5789,2792,2997,6267,3076,3191
2016.07,"종로구",1675,857,818,1921,998,923
2016.07,"중구",1528,785,743,1581,816,765
2016.07,"중랑구",4562,2290,2272,5129,2586,2543
2016.08,"강남구",8715,4262,4453,9512,4637,4875
2016.08,"강동구",5477,2750,2727,7202,3644,3558
2016.08,"강북구",4203,2132,2071,4404,2230,2174
2016.08,"강서구",9712,4772,4940,9148,4532,4616
2016.08,"관악구",7800,4110,3690,8542,4423,4119
2016.08,"광진구",4844,2408,2436,5208,2597,2611
2016.08,"구로구",4708,2272,2436,5822,2885,2937
2016.08,"금천구",2640,1387,1253,3132,1643,1489
2016.08,"노원구",5988,2958,3030,6946,3514,3432
2016.08,"도봉구",3996,1982,2014,4377,2224,2153
2016.08,"동대문구",4083,2104,1979,4781,2441,2340
2016.08,"동작구",5583,2811,2772,5741,2921,2820
2016.08,"마포구",5179,2455,2724,6184,2984,3200
2016.08,"서대문구",4095,2009,2086,4720,2381,2339
2016.08,"서초구",5819,2769,3050,6163,3005,3158
2016.08,"성동구",4131,2039,2092,4180,2080,2100
2016.08,"성북구",5529,2713,2816,6768,3346,3422
2016.08,"송파구",9371,4606,4765,10085,5047,5038
2016.08,"양천구",6563,3274,3289,6919,3512,3407
2016.08,"영등포구",5489,2813,2676,6760,3468,3292
2016.08,"용산구",2885,1479,1406,3391,1703,1688
2016.08,"은평구",6211,3051,3160,6900,3446,3454
2016.08,"종로구",2018,1010,1008,2294,1155,1139
2016.08,"중구",1904,994,910,1772,923,849
2016.08,"중랑구",5376,2711,2665,6039,2965,3074
2016.09,"강남구",7318,3488,3830,8088,3907,4181
2016.09,"강동구",5738,2843,2895,6639,3306,3333
2016.09,"강북구",3505,1760,1745,3807,1923,1884
2016.09,"강서구",8764,4312,4452,7999,3987,4012
2016.09,"관악구",6823,3637,3186,7549,3956,3593
2016.09,"광진구",4234,2133,2101,4560,2265,2295
2016.09,"구로구",4318,2171,2147,5062,2584,2478
2016.09,"금천구",2359,1255,1104,2781,1472,1309
2016.09,"노원구",5326,2581,2745,6145,3009,3136
2016.09,"도봉구",3607,1824,1783,3882,1963,1919
2016.09,"동대문구",3725,1880,1845,4140,2114,2026
2016.09,"동작구",5575,2752,2823,5498,2768,2730
2016.09,"마포구",4735,2299,2436,5632,2681,2951
2016.09,"서대문구",3574,1753,1821,4009,1989,2020
2016.09,"서초구",6026,2876,3150,5552,2686,2866
2016.09,"성동구",3327,1681,1646,3596,1829,1767
2016.09,"성북구",4565,2234,2331,5601,2786,2815
2016.09,"송파구",8393,4136,4257,8620,4268,4352
2016.09,"양천구",5184,2543,2641,5808,2853,2955
2016.09,"영등포구",4664,2404,2260,6151,3142,3009
2016.09,"용산구",2490,1249,1241,2950,1408,1542
2016.09,"은평구",5510,2711,2799,6011,2995,3016
2016.09,"종로구",1845,880,965,2053,1033,1020
2016.09,"중구",1567,825,742,1629,854,775
2016.09,"중랑구",4668,2335,2333,4988,2490,2498
2016.1,"강남구",7656,3732,3924,8325,4005,4320
2016.1,"강동구",6463,3184,3279,8177,4033,4144
2016.1,"강북구",3888,1995,1893,4494,2257,2237
2016.1,"강서구",9642,4716,4926,8981,4445,4536
2016.1,"관악구",7325,3777,3548,8211,4283,3928
2016.1,"광진구",4576,2257,2319,5228,2573,2655
2016.1,"구로구",4766,2352,2414,5650,2806,2844
2016.1,"금천구",2804,1446,1358,3233,1681,1552
2016.1,"노원구",6367,3133,3234,7361,3642,3719
2016.1,"도봉구",4256,2133,2123,4356,2198,2158
2016.1,"동대문구",4468,2278,2190,4924,2491,2433
2016.1,"동작구",6140,3054,3086,6323,3193,3130
2016.1,"마포구",5008,2418,2590,6279,3056,3223
2016.1,"서대문구",4107,1956,2151,4385,2082,2303
2016.1,"서초구",7410,3548,3862,6813,3316,3497
2016.1,"성동구",3534,1749,1785,4322,2178,2144
2016.1,"성북구",5168,2538,2630,6108,3017,3091
2016.1,"송파구",10931,5277,5654,10247,5076,5171
2016.1,"양천구",5784,2840,2944,6823,3318,3505
2016.1,"영등포구",5043,2573,2470,6400,3259,3141
2016.1,"용산구",2757,1331,1426,3336,1646,1690
2016.1,"은평구",6240,3044,3196,7038,3436,3602
2016.1,"종로구",1861,902,959,2114,1037,1077
2016.1,"중구",1822,897,925,1814,943,871
2016.1,"중랑구",5594,2789,2805,5926,2992,2934
2016.11,"강남구",7807,3834,3973,9208,4404,4804
2016.11,"강동구",6183,3075,3108,7330,3608,3722
2016.11,"강북구",3852,1884,1968,4396,2158,2238
2016.11,"강서구",8922,4395,4527,8022,3980,4042
2016.11,"관악구",7357,3804,3553,8285,4299,3986
2016.11,"광진구",4541,2196,2345,5205,2574,2631
2016.11,"구로구",4794,2322,2472,5538,2748,2790
2016.11,"금천구",2876,1473,1403,3213,1619,1594
2016.11,"노원구",6133,2974,3159,7330,3566,3764
2016.11,"도봉구",4116,2002,2114,4546,2233,2313
2016.11,"동대문구",4206,2118,2088,4750,2480,2270
2016.11,"동작구",5630,2747,2883,6165,3087,3078
2016.11,"마포구",5402,2552,2850,6481,3116,3365
2016.11,"서대문구",3856,1847,2009,4315,2061,2254
2016.11,"서초구",6575,3198,3377,6733,3278,3455
2016.11,"성동구",4401,2187,2214,4255,2132,2123
2016.11,"성북구",4996,2448,2548,6155,3001,3154
2016.11,"송파구",10392,5117,5275,9640,4751,4889
2016.11,"양천구",5624,2775,2849,7110,3530,3580
2016.11,"영등포구",4925,2527,2398,6153,3156,2997
2016.11,"용산구",2904,1428,1476,3400,1640,1760
2016.11,"은평구",6186,2961,3225,7034,3396,3638
2016.11,"종로구",1683,816,867,2063,1026,1037
2016.11,"중구",1557,745,812,1729,873,856
2016.11,"중랑구",5248,2636,2612,5692,2863,2829
2016.12,"강남구",8118,3919,4199,9631,4658,4973
2016.12,"강동구",5547,2740,2807,6812,3422,3390
2016.12,"강북구",3679,1834,1845,4040,2020,2020
2016.12,"강서구",8103,3964,4139,7886,3867,4019
2016.12,"관악구",7333,3786,3547,8289,4282,4007
2016.12,"광진구",4621,2249,2372,5247,2586,2661
2016.12,"구로구",4710,2343,2367,5851,2944,2907
2016.12,"금천구",5657,2879,2778,4033,2092,1941
2016.12,"노원구",5851,2852,2999,7334,3544,3790
2016.12,"도봉구",3749,1860,1889,4349,2147,2202
2016.12,"동대문구",4244,2160,2084,4968,2493,2475
2016.12,"동작구",5690,2758,2932,6592,3255,3337
2016.12,"마포구",5152,2425,2727,6405,3118,3287
2016.12,"서대문구",4289,2078,2211,4544,2208,2336
2016.12,"서초구",6239,3044,3195,6843,3334,3509
2016.12,"성동구",6375,3153,3222,4453,2211,2242
2016.12,"성북구",5111,2520,2591,6645,3326,3319
2016.12,"송파구",9841,4749,5092,9869,4858,5011
2016.12,"양천구",5557,2781,2776,6951,3464,3487
2016.12,"영등포구",4870,2434,2436,6232,3164,3068
2016.12,"용산구",2885,1423,1462,3285,1617,1668
2016.12,"은평구",5780,2741,3039,6976,3393,3583
2016.12,"종로구",1874,940,934,2384,1190,1194
2016.12,"중구",1804,906,898,2140,1063,1077
2016.12,"중랑구",5031,2475,2556,5777,2899,2878
2017.01,"강남구",7503,3610,3893,7745,3817,3928
2017.01,"강동구",6412,3184,3228,5634,2803,2831
2017.01,"강북구",2830,1352,1478,3088,1542,1546
2017.01,"강서구",6685,3222,3463,6245,3074,3171
2017.01,"관악구",7221,3688,3533,7306,3816,3490
2017.01,"광진구",3992,1883,2109,4022,1968,2054
2017.01,"구로구",3975,2025,1950,4307,2202,2105
2017.01,"금천구",3508,1781,1727,2812,1430,1382
2017.01,"노원구",4949,2430,2519,5806,2803,3003
2017.01,"도봉구",2818,1363,1455,3186,1602,1584
2017.01,"동대문구",3727,1879,1848,4200,2119,2081
2017.01,"동작구",4982,2422,2560,5385,2751,2634
2017.01,"마포구",4518,2080,2438,5162,2492,2670
2017.01,"서대문구",3809,1850,1959,3601,1795,1806
2017.01,"서초구",5785,2773,3012,5980,2874,3106
2017.01,"성동구",5362,2656,2706,3656,1863,1793
2017.01,"성북구",4756,2346,2410,5506,2686,2820
2017.01,"송파구",8991,4327,4664,7937,3836,4101
2017.01,"양천구",4654,2314,2340,5131,2552,2579
2017.01,"영등포구",4322,2142,2180,5051,2584,2467
2017.01,"용산구",2602,1297,1305,2852,1452,1400
2017.01,"은평구",4579,2216,2363,4920,2387,2533
2017.01,"종로구",1513,761,752,1836,925,911
2017.01,"중구",1377,700,677,1671,822,849
2017.01,"중랑구",3785,1908,1877,4134,2137,1997
2017.02,"강남구",10970,5303,5667,11638,5668,5970
2017.02,"강동구",10619,5387,5232,7862,3941,3921
2017.02,"강북구",3623,1693,1930,4039,1968,2071
2017.02,"강서구",8584,4148,4436,8327,3995,4332
2017.02,"관악구",9859,4914,4945,9733,5018,4715
2017.02,"광진구",5739,2785,2954,5783,2838,2945
2017.02,"구로구",5107,2508,2599,5872,2885,2987
2017.02,"금천구",3570,1837,1733,3427,1769,1658
2017.02,"노원구",7344,3585,3759,8544,4307,4237
2017.02,"도봉구",3467,1665,1802,4015,1949,2066
2017.02,"동대문구",5509,2775,2734,5786,2960,2826
2017.02,"동작구",7118,3471,3647,7309,3681,3628
2017.02,"마포구",6713,3132,3581,7214,3482,3732
2017.02,"서대문구",5830,2790,3040,5351,2610,2741
2017.02,"서초구",8204,3966,4238,8413,4095,4318
2017.02,"성동구",6412,3183,3229,4956,2525,2431
2017.02,"성북구",7900,3774,4126,7670,3812,3858
2017.02,"송파구",13113,6332,6781,11852,5876,5976
2017.02,"양천구",6577,3264,3313,7394,3712,3682
2017.02,"영등포구",5964,2957,3007,7087,3563,3524
2017.02,"용산구",3540,1778,1762,3786,1836,1950
2017.02,"은평구",5880,2848,3032,6457,3125,3332
2017.02,"종로구",2876,1431,1445,2878,1419,1459
2017.02,"중구",1938,949,989,2232,1116,1116
2017.02,"중랑구",4674,2343,2331,5053,2512,2541
2017.03,"강남구",8254,4082,4172,9334,4531,4803
2017.03,"강동구",8193,4088,4105,7225,3691,3534
2017.03,"강북구",4446,2139,2307,4146,2054,2092
2017.03,"강서구",8242,4105,4137,7680,3858,3822
2017.03,"관악구",9474,5057,4417,9428,4994,4434
2017.03,"광진구",5253,2609,2644,5519,2809,2710
2017.03,"구로구",4966,2499,2467,5351,2683,2668
2017.03,"금천구",3313,1714,1599,3223,1668,1555
2017.03,"노원구",6719,3407,3312,6838,3438,3400
2017.03,"도봉구",3660,1791,1869,4389,2198,2191
2017.03,"동대문구",4758,2465,2293,5087,2646,2441
2017.03,"동작구",6086,3098,2988,6248,3123,3125
2017.03,"마포구",5749,2794,2955,6240,2967,3273
2017.03,"서대문구",5380,2584,2796,5330,2658,2672
2017.03,"서초구",6602,3189,3413,7773,3762,4011
2017.03,"성동구",5029,2465,2564,4313,2240,2073
2017.03,"성북구",6574,3320,3254,6712,3306,3406
2017.03,"송파구",9694,4807,4887,9930,4936,4994
2017.03,"양천구",5054,2508,2546,5922,2991,2931
2017.03,"영등포구",5349,2713,2636,6210,3164,3046
2017.03,"용산구",3216,1598,1618,3490,1765,1725
2017.03,"은평구",6292,3088,3204,7035,3472,3563
2017.03,"종로구",4272,2155,2117,2963,1484,1479
2017.03,"중구",1741,841,900,2084,1072,1012
2017.03,"중랑구",5161,2608,2553,5706,2887,2819
2017.04,"강남구",6328,3098,3230,7153,3478,3675
2017.04,"강동구",6038,3016,3022,5879,2933,2946
2017.04,"강북구",3766,1878,1888,3772,1911,1861
2017.04,"강서구",7226,3551,3675,6780,3357,3423
2017.04,"관악구",7024,3571,3453,7434,3818,3616
2017.04,"광진구",4263,2056,2207,4245,2127,2118
2017.04,"구로구",3971,1985,1986,4519,2289,2230
2017.04,"금천구",2784,1420,1364,2772,1448,1324
2017.04,"노원구",4889,2377,2512,5445,2660,2785
2017.04,"도봉구",3193,1597,1596,3689,1837,1852
2017.04,"동대문구",3542,1893,1649,3774,1938,1836
2017.04,"동작구",4626,2272,2354,5118,2560,2558
2017.04,"마포구",4821,2228,2593,5060,2476,2584
2017.04,"서대문구",3977,1951,2026,4092,2029,2063
2017.04,"서초구",4902,2345,2557,5550,2743,2807
2017.04,"성동구",3564,1738,1826,3459,1738,1721
2017.04,"성북구",4541,2293,2248,5089,2537,2552
2017.04,"송파구",7826,3780,4046,8325,4128,4197
2017.04,"양천구",4107,2030,2077,4642,2299,2343
2017.04,"영등포구",5288,2640,2648,5485,2746,2739
2017.04,"용산구",2484,1245,1239,2943,1488,1455
2017.04,"은평구",5431,2613,2818,5663,2783,2880
2017.04,"종로구",2412,1185,1227,2029,1021,1008
2017.04,"중구",1324,659,665,1568,839,729
2017.04,"중랑구",4605,2306,2299,4822,2409,2413
2017.05,"강남구",7028,3437,3591,7986,3818,4168
2017.05,"강동구",6299,3140,3159,6274,3121,3153
2017.05,"강북구",3898,1908,1990,4106,2083,2023
2017.05,"강서구",8541,4076,4465,7469,3600,3869
2017.05,"관악구",7905,4083,3822,8236,4348,3888
2017.05,"광진구",4586,2271,2315,4871,2381,2490
2017.05,"구로구",4429,2222,2207,5229,2588,2641
2017.05,"금천구",3022,1582,1440,2999,1581,1418
2017.05,"노원구",5177,2558,2619,6108,3006,3102
2017.05,"도봉구",3687,1795,1892,3935,1984,1951
2017.05,"동대문구",3793,1875,1918,4301,2176,2125
2017.05,"동작구",5168,2513,2655,5795,2844,2951
2017.05,"마포구",4822,2299,2523,5150,2491,2659
2017.05,"서대문구",4058,1979,2079,4348,2112,2236
2017.05,"서초구",5428,2586,2842,6447,3066,3381
2017.05,"성동구",3901,1913,1988,3787,1919,1868
2017.05,"성북구",4806,2321,2485,5403,2636,2767
2017.05,"송파구",8658,4145,4513,8493,4153,4340
2017.05,"양천구",4251,2082,2169,5258,2636,2622
2017.05,"영등포구",6902,3482,3420,6051,3056,2995
2017.05,"용산구",2873,1449,1424,3132,1534,1598
2017.05,"은평구",5948,2860,3088,6598,3254,3344
2017.05,"종로구",2389,1198,1191,2048,1035,1013
2017.05,"중구",1504,746,758,1548,789,759
2017.05,"중랑구",5059,2494,2565,5150,2556,2594
2017.06,"강남구",6743,3285,3458,7551,3698,3853
2017.06,"강동구",5981,2976,3005,6524,3320,3204
2017.06,"강북구",3649,1805,1844,3616,1799,1817
2017.06,"강서구",7998,3923,4075,7145,3499,3646
2017.06,"관악구",6898,3639,3259,7254,3774,3480
2017.06,"광진구",4445,2137,2308,4410,2165,2245
2017.06,"구로구",3994,2001,1993,4530,2298,2232
2017.06,"금천구",2628,1370,1258,2732,1414,1318
2017.06,"노원구",4837,2328,2509,6359,3122,3237
2017.06,"도봉구",3503,1741,1762,3543,1775,1768
2017.06,"동대문구",3766,1943,1823,4105,2100,2005
2017.06,"동작구",4664,2281,2383,4995,2507,2488
2017.06,"마포구",4474,2113,2361,4958,2394,2564
2017.06,"서대문구",3849,1905,1944,3705,1862,1843
2017.06,"서초구",5164,2442,2722,6185,2999,3186
2017.06,"성동구",3654,1756,1898,3504,1754,1750
2017.06,"성북구",4415,2159,2256,5094,2516,2578
2017.06,"송파구",7968,3922,4046,7721,3780,3941
2017.06,"양천구",4218,2043,2175,4768,2419,2349
2017.06,"영등포구",4851,2488,2363,4810,2439,2371
2017.06,"용산구",2877,1449,1428,2848,1424,1424
2017.06,"은평구",5345,2634,2711,6103,3006,3097
2017.06,"종로구",2214,1117,1097,2079,1062,1017
2017.06,"중구",1533,762,771,1630,843,787
2017.06,"중랑구",5568,2744,2824,5112,2560,2552
2017.07,"강남구",7238,3517,3721,7825,3778,4047
2017.07,"강동구",6204,3116,3088,7830,3966,3864
2017.07,"강북구",3278,1590,1688,3652,1795,1857
2017.07,"강서구",7279,3544,3735,6962,3398,3564
2017.07,"관악구",6875,3611,3264,7354,3889,3465
2017.07,"광진구",4282,2109,2173,4184,2104,2080
2017.07,"구로구",3829,1905,1924,4353,2215,2138
2017.07,"금천구",2458,1301,1157,2732,1473,1259
2017.07,"노원구",4952,2467,2485,6434,3204,3230
2017.07,"도봉구",3538,1793,1745,3694,1907,1787
2017.07,"동대문구",3574,1849,1725,3961,2063,1898
2017.07,"동작구",4639,2314,2325,4903,2425,2478
2017.07,"마포구",4363,2075,2288,4711,2275,2436
2017.07,"서대문구",3581,1735,1846,3713,1842,1871
2017.07,"서초구",5958,2832,3126,6666,3234,3432
2017.07,"성동구",3649,1839,1810,3569,1814,1755
2017.07,"성북구",4078,2027,2051,4562,2260,2302
2017.07,"송파구",7936,3938,3998,7811,3833,3978
2017.07,"양천구",4159,2075,2084,4561,2225,2336
2017.07,"영등포구",4830,2466,2364,5122,2593,2529
2017.07,"용산구",2645,1298,1347,2790,1384,1406
2017.07,"은평구",5379,2617,2762,6131,3038,3093
2017.07,"종로구",2306,1138,1168,1919,973,946
2017.07,"중구",1391,706,685,1448,727,721
2017.07,"중랑구",4677,2351,2326,4454,2253,2201
2017.08,"강남구",8684,4262,4422,9719,4700,5019
2017.08,"강동구",7987,3974,4013,10169,5055,5114
2017.08,"강북구",3563,1749,1814,3764,1866,1898
2017.08,"강서구",7812,3817,3995,7598,3749,3849
2017.08,"관악구",7741,4052,3689,8136,4305,3831
2017.08,"광진구",5245,2501,2744,4981,2481,2500
2017.08,"구로구",4156,2081,2075,5195,2608,2587
2017.08,"금천구",2760,1427,1333,3032,1593,1439
2017.08,"노원구",5789,2863,2926,7524,3755,3769
2017.08,"도봉구",3765,1854,1911,3926,1957,1969
2017.08,"동대문구",4484,2345,2139,4817,2454,2363
2017.08,"동작구",5542,2768,2774,5923,2967,2956
2017.08,"마포구",5112,2470,2642,5692,2804,2888
2017.08,"서대문구",4197,2084,2113,4391,2224,2167
2017.08,"서초구",6572,3159,3413,6932,3361,3571
2017.08,"성동구",4631,2261,2370,4207,2119,2088
2017.08,"성북구",5096,2497,2599,5647,2815,2832
2017.08,"송파구",9695,4750,4945,9570,4753,4817
2017.08,"양천구",5044,2508,2536,5670,2823,2847
2017.08,"영등포구",4958,2559,2399,5473,2788,2685
2017.08,"용산구",3191,1580,1611,3180,1576,1604
2017.08,"은평구",6906,3357,3549,7270,3545,3725
2017.08,"종로구",2467,1203,1264,2228,1116,1112
2017.08,"중구",2661,1359,1302,1826,926,900
2017.08,"중랑구",4882,2460,2422,5061,2585,2476
2017.09,"강남구",6963,3456,3507,8556,4172,4384
2017.09,"강동구",6775,3413,3362,9575,4881,4694
2017.09,"강북구",3447,1736,1711,3874,1933,1941
2017.09,"강서구",7493,3657,3836,7632,3851,3781
2017.09,"관악구",7166,3767,3399,7814,4062,3752
2017.09,"광진구",4701,2301,2400,4885,2439,2446
2017.09,"구로구",4227,2121,2106,5204,2594,2610
2017.09,"금천구",2519,1334,1185,2874,1566,1308
2017.09,"노원구",5576,2806,2770,7038,3452,3586
2017.09,"도봉구",3582,1799,1783,3992,2019,1973
2017.09,"동대문구",3867,2005,1862,4307,2187,2120
2017.09,"동작구",4575,2303,2272,5138,2610,2528
2017.09,"마포구",4589,2244,2345,5202,2572,2630
2017.09,"서대문구",3684,1822,1862,4132,2093,2039
2017.09,"서초구",5160,2501,2659,5549,2741,2808
2017.09,"성동구",3916,1966,1950,3920,1952,1968
2017.09,"성북구",4965,2431,2534,5837,2884,2953
2017.09,"송파구",8099,3948,4151,8634,4251,4383
2017.09,"양천구",4229,2070,2159,5021,2523,2498
2017.09,"영등포구",5563,2861,2702,5523,2823,2700
2017.09,"용산구",3147,1567,1580,3079,1564,1515
2017.09,"은평구",6675,3341,3334,6633,3308,3325
2017.09,"종로구",2201,1098,1103,2146,1095,1051
2017.09,"중구",2305,1165,1140,1772,911,861
2017.09,"중랑구",4828,2485,2343,5246,2615,2631
2017.1,"강남구",6490,3182,3308,7962,3820,4142
2017.1,"강동구",5547,2739,2808,7849,3962,3887
2017.1,"강북구",3279,1640,1639,3454,1731,1723
2017.1,"강서구",6603,3231,3372,6767,3354,3413
2017.1,"관악구",6392,3310,3082,6986,3639,3347
2017.1,"광진구",4415,2155,2260,4569,2217,2352
2017.1,"구로구",3754,1909,1845,4457,2258,2199
2017.1,"금천구",2639,1399,1240,2815,1487,1328
2017.1,"노원구",4820,2334,2486,6072,2992,3080
2017.1,"도봉구",3522,1757,1765,3667,1832,1835
2017.1,"동대문구",3466,1790,1676,3795,1906,1889
2017.1,"동작구",4278,2124,2154,4997,2501,2496
2017.1,"마포구",3822,1853,1969,4617,2237,2380
2017.1,"서대문구",3247,1597,1650,3515,1742,1773
2017.1,"서초구",4685,2233,2452,5242,2532,2710
2017.1,"성동구",3282,1600,1682,3448,1678,1770
2017.1,"성북구",4393,2127,2266,5310,2624,2686
2017.1,"송파구",9771,4645,5126,8845,4266,4579
2017.1,"양천구",4027,2006,2021,4458,2234,2224
2017.1,"영등포구",4820,2466,2354,4702,2296,2406
2017.1,"용산구",2752,1370,1382,2670,1334,1336
2017.1,"은평구",5275,2522,2753,5523,2687,2836
2017.1,"종로구",1722,865,857,1734,883,851
2017.1,"중구",1622,862,760,1513,744,769
2017.1,"중랑구",4700,2412,2288,5097,2579,2518
2017.11,"강남구",6781,3254,3527,8749,4229,4520
2017.11,"강동구",5582,2816,2766,8330,4133,4197
2017.11,"강북구",3381,1700,1681,3690,1848,1842
2017.11,"강서구",7057,3475,3582,7095,3532,3563
2017.11,"관악구",6788,3445,3343,7542,3869,3673
2017.11,"광진구",4644,2233,2411,4583,2261,2322
2017.11,"구로구",3952,2009,1943,4835,2485,2350
2017.11,"금천구",2642,1372,1270,2797,1450,1347
2017.11,"노원구",4804,2359,2445,6312,3109,3203
2017.11,"도봉구",3466,1707,1759,3761,1870,1891
2017.11,"동대문구",3874,2002,1872,4491,2353,2138
2017.11,"동작구",4625,2273,2352,5533,2785,2748
2017.11,"마포구",4319,1991,2328,4927,2403,2524
2017.11,"서대문구",3348,1587,1761,3970,1963,2007
2017.11,"서초구",4962,2360,2602,5817,2828,2989
2017.11,"성동구",3548,1740,1808,3613,1842,1771
2017.11,"성북구",5007,2448,2559,5859,2869,2990
2017.11,"송파구",9781,4732,5049,9270,4472,4798
2017.11,"양천구",4110,2023,2087,4808,2456,2352
2017.11,"영등포구",4822,2421,2401,4961,2499,2462
2017.11,"용산구",2866,1432,1434,2967,1476,1491
2017.11,"은평구",5515,2692,2823,5818,2853,2965
2017.11,"종로구",1730,853,877,1911,977,934
2017.11,"중구",1799,915,884,1690,847,843
2017.11,"중랑구",4654,2376,2278,5415,2750,2665
2017.12,"강남구",7492,3634,3858,9149,4380,4769
2017.12,"강동구",5978,2976,3002,7668,3856,3812
2017.12,"강북구",3071,1510,1561,3608,1802,1806
2017.12,"강서구",6697,3270,3427,6783,3361,3422
2017.12,"관악구",6960,3590,3370,7720,4018,3702
2017.12,"광진구",4445,2168,2277,4595,2258,2337
2017.12,"구로구",3717,1829,1888,4820,2367,2453
2017.12,"금천구",2387,1253,1134,2692,1394,1298
2017.12,"노원구",4550,2216,2334,6008,2982,3026
2017.12,"도봉구",2764,1349,1415,3463,1731,1732
2017.12,"동대문구",3539,1827,1712,4109,2084,2025
2017.12,"동작구",4646,2253,2393,5634,2807,2827
2017.12,"마포구",4188,1942,2246,4756,2319,2437
2017.12,"서대문구",3574,1717,1857,4138,2024,2114
2017.12,"서초구",5258,2525,2733,6020,2919,3101
2017.12,"성동구",3468,1699,1769,3599,1806,1793
2017.12,"성북구",4754,2339,2415,5532,2681,2851
2017.12,"송파구",9340,4414,4926,8766,4309,4457
2017.12,"양천구",4367,2171,2196,5096,2575,2521
2017.12,"영등포구",4953,2465,2488,5564,2800,2764
2017.12,"용산구",2961,1419,1542,2885,1402,1483
2017.12,"은평구",5177,2534,2643,5486,2759,2727
2017.12,"종로구",1918,973,945,2043,991,1052
2017.12,"중구",1709,837,872,1592,779,813
2017.12,"중랑구",3792,1934,1858,4697,2342,2355
2018.01,"강남구",8175,3893,4282,8896,4292,4604
2018.01,"강동구",5743,2894,2849,6674,3363,3311
2018.01,"강북구",2937,1444,1493,3078,1524,1554
2018.01,"강서구",6743,3305,3438,6813,3387,3426
2018.01,"관악구",8325,4115,4210,8022,4099,3923
2018.01,"광진구",4638,2177,2461,4627,2191,2436
2018.01,"구로구",4082,2088,1994,5095,2562,2533
2018.01,"금천구",2559,1343,1216,2726,1422,1304
2018.01,"노원구",4954,2465,2489,6133,3050,3083
2018.01,"도봉구",2872,1408,1464,3152,1595,1557
2018.01,"동대문구",3838,1964,1874,4364,2276,2088
2018.01,"동작구",5206,2540,2666,5966,2997,2969
2018.01,"마포구",4946,2291,2655,5170,2410,2760
2018.01,"서대문구",4140,1993,2147,4273,2082,2191
2018.01,"서초구",5751,2729,3022,5917,2754,3163
2018.01,"성동구",3948,1903,2045,3863,1967,1896
2018.01,"성북구",4780,2224,2556,5520,2670,2850
2018.01,"송파구",9146,4338,4808,8768,4275,4493
2018.01,"양천구",4554,2263,2291,5093,2557,2536
2018.01,"영등포구",5738,2900,2838,5539,2785,2754
2018.01,"용산구",3361,1658,1703,3014,1472,1542
2018.01,"은평구",4983,2324,2659,5253,2531,2722
2018.01,"종로구",1900,932,968,2038,1035,1003
2018.01,"중구",1815,904,911,1749,894,855
2018.01,"중랑구",3986,1992,1994,4532,2289,2243
2018.02,"강남구",9841,4747,5094,10708,5192,5516
2018.02,"강동구",5626,2846,2780,6309,3185,3124
2018.02,"강북구",3223,1542,1681,3472,1709,1763
2018.02,"강서구",7411,3593,3818,7463,3661,3802
2018.02,"관악구",9208,4515,4693,9079,4560,4519
2018.02,"광진구",5321,2539,2782,5471,2671,2800
2018.02,"구로구",4225,2132,2093,5513,2838,2675
2018.02,"금천구",2548,1357,1191,2984,1546,1438
2018.02,"노원구",6088,2973,3115,7310,3649,3661
2018.02,"도봉구",2994,1470,1524,3432,1701,1731
2018.02,"동대문구",4885,2425,2460,5068,2591,2477
2018.02,"동작구",6138,2993,3145,6829,3311,3518
2018.02,"마포구",5873,2744,3129,5930,2807,3123
2018.02,"서대문구",5056,2414,2642,5032,2396,2636
2018.02,"서초구",7378,3543,3835,7199,3526,3673
2018.02,"성동구",4560,2199,2361,4361,2168,2193
2018.02,"성북구",5843,2812,3031,6306,3104,3202
2018.02,"송파구",9695,4564,5131,9653,4665,4988
2018.02,"양천구",5706,2864,2842,6150,3066,3084
2018.02,"영등포구",6010,3011,2999,6016,3016,3000
2018.02,"용산구",3583,1756,1827,3341,1656,1685
2018.02,"은평구",5392,2554,2838,5703,2732,2971
2018.02,"종로구",2567,1251,1316,2641,1340,1301
2018.02,"중구",2119,1034,1085,1947,963,984
2018.02,"중랑구",4150,2099,2051,4757,2389,2368
2018.03,"강남구",8627,4243,4384,10540,5149,5391
2018.03,"강동구",5776,2909,2867,6567,3368,3199
2018.03,"강북구",4041,1986,2055,4146,2102,2044
2018.03,"강서구",8215,4050,4165,8573,4231,4342
2018.03,"관악구",10051,5133,4918,9467,4934,4533
2018.03,"광진구",5447,2596,2851,6072,2983,3089
2018.03,"구로구",5656,2802,2854,5985,2995,2990
2018.03,"금천구",3156,1665,1491,3607,1904,1703
2018.03,"노원구",6787,3393,3394,6952,3495,3457
2018.03,"도봉구",3602,1800,1802,4131,2098,2033
2018.03,"동대문구",4918,2533,2385,5502,2838,2664
2018.03,"동작구",6135,3065,3070,6782,3406,3376
2018.03,"마포구",6126,2960,3166,6253,3151,3102
2018.03,"서대문구",4757,2264,2493,5125,2510,2615
2018.03,"서초구",6631,3223,3408,7161,3460,3701
2018.03,"성동구",6307,3084,3223,5065,2560,2505
2018.03,"성북구",5811,2850,2961,6424,3202,3222
2018.03,"송파구",9836,4850,4986,10013,4991,5022
2018.03,"양천구",4959,2456,2503,6077,3061,3016
2018.03,"영등포구",6581,3300,3281,6581,3404,3177
2018.03,"용산구",4042,2025,2017,3927,1938,1989
2018.03,"은평구",6398,3078,3320,6775,3350,3425
2018.03,"종로구",2757,1386,1371,2693,1371,1322
2018.03,"중구",2227,1121,1106,2110,1065,1045
2018.03,"중랑구",5317,2630,2687,5610,2839,2771
2018.04,"강남구",7327,3558,3769,9271,4506,4765
2018.04,"강동구",4958,2479,2479,5542,2825,2717
2018.04,"강북구",3449,1766,1683,3922,1956,1966
2018.04,"강서구",6979,3427,3552,7493,3659,3834
2018.04,"관악구",7907,4010,3897,7972,4129,3843
2018.04,"광진구",4650,2294,2356,5111,2496,2615
2018.04,"구로구",4205,2096,2109,4816,2410,2406
2018.04,"금천구",2771,1448,1323,3247,1694,1553
2018.04,"노원구",4778,2296,2482,5714,2822,2892
2018.04,"도봉구",3363,1666,1697,3717,1856,1861
2018.04,"동대문구",3834,2005,1829,4260,2226,2034
2018.04,"동작구",5041,2554,2487,5249,2681,2568
2018.04,"마포구",4870,2367,2503,5044,2474,2570
2018.04,"서대문구",3651,1800,1851,4091,2042,2049
2018.04,"서초구",5083,2461,2622,5594,2684,2910
2018.04,"성동구",4940,2470,2470,4101,2082,2019
2018.04,"성북구",4564,2264,2300,5173,2595,2578
2018.04,"송파구",8273,4019,4254,8474,4200,4274
2018.04,"양천구",4040,1989,2051,4769,2351,2418
2018.04,"영등포구",5120,2576,2544,5198,2675,2523
2018.04,"용산구",3040,1536,1504,3050,1526,1524
2018.04,"은평구",5976,2913,3063,6318,3121,3197
2018.04,"종로구",1819,889,930,2062,1088,974
2018.04,"중구",1729,887,842,1829,952,877
2018.04,"중랑구",5076,2585,2491,5493,2807,2686
2018.05,"강남구",7419,3543,3876,9974,4829,5145
2018.05,"강동구",4884,2373,2511,5477,2753,2724
2018.05,"강북구",3596,1780,1816,4117,2028,2089
2018.05,"강서구",6944,3265,3679,7655,3734,3921
2018.05,"관악구",7624,3917,3707,8115,4148,3967
2018.05,"광진구",4488,2161,2327,5096,2518,2578
2018.05,"구로구",4451,2168,2283,4903,2477,2426
2018.05,"금천구",2775,1460,1315,3019,1581,1438
2018.05,"노원구",5028,2449,2579,5878,2876,3002
2018.05,"도봉구",3844,1900,1944,4152,2071,2081
2018.05,"동대문구",3874,1981,1893,4343,2257,2086
2018.05,"동작구",5617,2761,2856,5385,2667,2718
2018.05,"마포구",4736,2250,2486,4841,2337,2504
2018.05,"서대문구",3348,1618,1730,3729,1852,1877
2018.05,"서초구",5213,2501,2712,5737,2736,3001
2018.05,"성동구",4012,1975,2037,3955,1987,1968
2018.05,"성북구",4534,2226,2308,5250,2595,2655
2018.05,"송파구",8182,3960,4222,8153,3962,4191
2018.05,"양천구",4071,1995,2076,4984,2457,2527
2018.05,"영등포구",4924,2410,2514,5003,2511,2492
2018.05,"용산구",3086,1530,1556,3175,1574,1601
2018.05,"은평구",6006,2866,3140,6523,3143,3380
2018.05,"종로구",1822,905,917,2026,1013,1013
2018.05,"중구",1875,954,921,1732,902,830
2018.05,"중랑구",4925,2441,2484,5354,2670,2684
2018.06,"강남구",6607,3177,3430,8523,4136,4387
2018.06,"강동구",4503,2233,2270,4866,2456,2410
2018.06,"강북구",3464,1740,1724,3871,1891,1980
2018.06,"강서구",6350,3083,3267,7034,3469,3565
2018.06,"관악구",7087,3606,3481,7127,3636,3491
2018.06,"광진구",3952,1928,2024,4476,2202,2274
2018.06,"구로구",3818,1923,1895,4182,2119,2063
2018.06,"금천구",2308,1223,1085,2661,1383,1278
2018.06,"노원구",4513,2208,2305,5340,2608,2732
2018.06,"도봉구",3150,1529,1621,3451,1706,1745
2018.06,"동대문구",4958,2491,2467,4517,2327,2190
2018.06,"동작구",5112,2510,2602,4977,2476,2501
2018.06,"마포구",4431,2054,2377,4462,2186,2276
2018.06,"서대문구",3262,1565,1697,3520,1740,1780
2018.06,"서초구",5200,2425,2775,5695,2719,2976
2018.06,"성동구",3758,1827,1931,3400,1696,1704
2018.06,"성북구",4420,2153,2267,5137,2459,2678
2018.06,"송파구",8317,3989,4328,7728,3672,4056
2018.06,"양천구",3975,1934,2041,4628,2278,2350
2018.06,"영등포구",4237,2142,2095,4588,2350,2238
2018.06,"용산구",2920,1390,1530,3161,1560,1601
2018.06,"은평구",5256,2514,2742,5745,2774,2971
2018.06,"종로구",1552,746,806,1871,920,951
2018.06,"중구",1535,754,781,1657,845,812
2018.06,"중랑구",4454,2226,2228,5044,2500,2544
2018.07,"강남구",7161,3528,3633,8431,4098,4333
2018.07,"강동구",4322,2190,2132,5006,2556,2450
2018.07,"강북구",3420,1702,1718,4008,1980,2028
2018.07,"강서구",6886,3357,3529,7752,3859,3893
2018.07,"관악구",7305,3734,3571,7547,3882,3665
2018.07,"광진구",4053,1969,2084,4565,2270,2295
2018.07,"구로구",3767,1904,1863,4247,2132,2115
2018.07,"금천구",2553,1367,1186,2688,1422,1266
2018.07,"노원구",4647,2313,2334,5633,2820,2813
2018.07,"도봉구",3085,1492,1593,3386,1641,1745
2018.07,"동대문구",5756,2918,2838,4788,2482,2306
2018.07,"동작구",5081,2494,2587,4820,2372,2448
2018.07,"마포구",4363,2076,2287,4582,2221,2361
2018.07,"서대문구",3211,1603,1608,3717,1879,1838
2018.07,"서초구",5736,2780,2956,6713,3288,3425
2018.07,"성동구",4322,2078,2244,4011,2003,2008
2018.07,"성북구",4410,2114,2296,5402,2629,2773
2018.07,"송파구",8104,3926,4178,7682,3760,3922
2018.07,"양천구",4470,2178,2292,4987,2460,2527
2018.07,"영등포구",4557,2286,2271,4922,2528,2394
2018.07,"용산구",2849,1443,1406,3043,1535,1508
2018.07,"은평구",4899,2351,2548,5602,2752,2850
2018.07,"종로구",1705,882,823,1949,1006,943
2018.07,"중구",1512,766,746,1625,841,784
2018.07,"중랑구",4406,2225,2181,4875,2453,2422
2018.08,"강남구",7901,3837,4064,8748,4250,4498
2018.08,"강동구",4488,2205,2283,5372,2695,2677
2018.08,"강북구",3457,1734,1723,4205,2091,2114
2018.08,"강서구",6704,3306,3398,7608,3723,3885
2018.08,"관악구",7960,4122,3838,8065,4208,3857
2018.08,"광진구",4251,2076,2175,4584,2289,2295
2018.08,"구로구",3980,2018,1962,4530,2300,2230
2018.08,"금천구",2510,1342,1168,2906,1513,1393
2018.08,"노원구",4909,2434,2475,5765,2893,2872
2018.08,"도봉구",3308,1604,1704,3660,1800,1860
2018.08,"동대문구",5362,2716,2646,4671,2378,2293
2018.08,"동작구",5408,2634,2774,5137,2610,2527
2018.08,"마포구",4434,2078,2356,4847,2352,2495
2018.08,"서대문구",3391,1629,1762,3634,1787,1847
2018.08,"서초구",6621,3200,3421,7549,3640,3909
2018.08,"성동구",4286,2117,2169,3861,1933,1928
2018.08,"성북구",4898,2360,2538,5594,2765,2829
2018.08,"송파구",7939,3939,4000,8114,4068,4046
2018.08,"양천구",4910,2445,2465,5425,2786,2639
2018.08,"영등포구",4566,2290,2276,4785,2471,2314
2018.08,"용산구",2803,1348,1455,2925,1431,1494
2018.08,"은평구",5510,2717,2793,5826,2898,2928
2018.08,"종로구",1942,981,961,2061,1020,1041
2018.08,"중구",1488,754,734,1620,829,791
2018.08,"중랑구",4274,2077,2197,4776,2403,2373
2018.09,"강남구",5850,2813,3037,6811,3244,3567
2018.09,"강동구",3609,1778,1831,4331,2214,2117
2018.09,"강북구",2834,1397,1437,3193,1605,1588
2018.09,"강서구",5482,2716,2766,6021,3024,2997
2018.09,"관악구",6177,3193,2984,6132,3244,2888
2018.09,"광진구",3386,1668,1718,3547,1789,1758
2018.09,"구로구",3104,1578,1526,3543,1864,1679
2018.09,"금천구",2145,1125,1020,2230,1144,1086
2018.09,"노원구",3907,1984,1923,4546,2291,2255
2018.09,"도봉구",2631,1330,1301,3031,1483,1548
2018.09,"동대문구",3522,1813,1709,3597,1841,1756
2018.09,"동작구",4125,2036,2089,4180,2066,2114
2018.09,"마포구",3728,1783,1945,3941,1921,2020
2018.09,"서대문구",2819,1382,1437,2897,1409,1488
2018.09,"서초구",5591,2652,2939,6579,3111,3468
2018.09,"성동구",3283,1628,1655,3156,1582,1574
2018.09,"성북구",3645,1799,1846,4228,2132,2096
2018.09,"송파구",5900,2889,3011,6383,3156,3227
2018.09,"양천구",3611,1767,1844,3834,1946,1888
2018.09,"영등포구",3759,1945,1814,3935,2043,1892
2018.09,"용산구",2376,1138,1238,2470,1229,1241
2018.09,"은평구",4562,2257,2305,4998,2509,2489
2018.09,"종로구",1542,754,788,1533,772,761
2018.09,"중구",1334,654,680,1347,697,650
2018.09,"중랑구",3340,1733,1607,3760,1935,1825
2018.1,"강남구",7801,3776,4025,8285,3993,4292
2018.1,"강동구",5389,2697,2692,6482,3286,3196
2018.1,"강북구",3812,1922,1890,4247,2155,2092
2018.1,"강서구",7769,3817,3952,8518,4197,4321
2018.1,"관악구",7946,4131,3815,8446,4383,4063
2018.1,"광진구",5766,2786,2980,5740,2811,2929
2018.1,"구로구",4820,2415,2405,5456,2795,2661
2018.1,"금천구",3001,1607,1394,3157,1654,1503
2018.1,"노원구",5734,2799,2935,6574,3212,3362
2018.1,"도봉구",3819,1933,1886,4351,2204,2147
2018.1,"동대문구",5098,2617,2481,5540,2869,2671
2018.1,"동작구",5504,2682,2822,5867,2915,2952
2018.1,"마포구",6213,3013,3200,5815,2857,2958
2018.1,"서대문구",3660,1825,1835,4191,2104,2087
2018.1,"서초구",8270,4050,4220,9572,4590,4982
2018.1,"성동구",4428,2242,2186,4623,2379,2244
2018.1,"성북구",5097,2446,2651,5931,2959,2972
2018.1,"송파구",9018,4395,4623,9357,4653,4704
2018.1,"양천구",5084,2575,2509,5735,2872,2863
2018.1,"영등포구",5043,2558,2485,5465,2771,2694
2018.1,"용산구",3453,1767,1686,3500,1742,1758
2018.1,"은평구",6434,3092,3342,6422,3147,3275
2018.1,"종로구",2052,1036,1016,2162,1119,1043
2018.1,"중구",1833,904,929,1880,964,916
2018.1,"중랑구",5067,2515,2552,5502,2771,2731
2018.11,"강남구",6679,3262,3417,7964,3960,4004
2018.11,"강동구",5319,2641,2678,6602,3300,3302
2018.11,"강북구",3672,1830,1842,4201,2099,2102
2018.11,"강서구",7518,3678,3840,8071,3957,4114
2018.11,"관악구",7279,3659,3620,8385,4280,4105
2018.11,"광진구",5286,2573,2713,4925,2440,2485
2018.11,"구로구",4756,2330,2426,5428,2685,2743
2018.11,"금천구",4296,2207,2089,3330,1705,1625
2018.11,"노원구",5583,2762,2821,6733,3308,3425
2018.11,"도봉구",3631,1800,1831,4165,2067,2098
2018.11,"동대문구",4672,2352,2320,5562,2833,2729
2018.11,"동작구",5362,2543,2819,5396,2711,2685
2018.11,"마포구",5732,2705,3027,5418,2600,2818
2018.11,"서대문구",4410,2116,2294,4240,2023,2217
2018.11,"서초구",7125,3499,3626,8650,4229,4421
2018.11,"성동구",3874,1939,1935,4345,2168,2177
2018.11,"성북구",4764,2279,2485,5466,2719,2747
2018.11,"송파구",8160,3975,4185,8692,4303,4389
2018.11,"양천구",4619,2279,2340,5370,2605,2765
2018.11,"영등포구",4668,2456,2212,5145,2591,2554
2018.11,"용산구",3165,1545,1620,3200,1598,1602
2018.11,"은평구",6579,3130,3449,6618,3231,3387
2018.11,"종로구",1725,854,871,1857,913,944
2018.11,"중구",1628,817,811,1688,871,817
2018.11,"중랑구",4848,2429,2419,5234,2658,2576
2018.12,"강남구",8223,3971,4252,8651,4186,4465
2018.12,"강동구",4717,2346,2371,5705,2880,2825
2018.12,"강북구",3036,1534,1502,3340,1694,1646
2018.12,"강서구",6698,3242,3456,7280,3571,3709
2018.12,"관악구",7534,3752,3782,8120,4112,4008
2018.12,"광진구",4490,2179,2311,4560,2232,2328
2018.12,"구로구",4244,2126,2118,4845,2404,2441
2018.12,"금천구",3172,1665,1507,2953,1568,1385
2018.12,"노원구",4939,2420,2519,6170,3108,3062
2018.12,"도봉구",3219,1587,1632,3585,1783,1802
2018.12,"동대문구",4182,2133,2049,5393,2679,2714
2018.12,"동작구",6370,3066,3304,5517,2757,2760
2018.12,"마포구",4775,2209,2566,4768,2298,2470
2018.12,"서대문구",4156,2017,2139,4035,1964,2071
2018.12,"서초구",6059,2922,3137,7123,3413,3710
2018.12,"성동구",3640,1768,1872,4271,2165,2106
2018.12,"성북구",4381,2141,2240,5046,2458,2588
2018.12,"송파구",8490,4153,4337,8469,4188,4281
2018.12,"양천구",4580,2235,2345,5362,2688,2674
2018.12,"영등포구",4659,2420,2239,4931,2462,2469
2018.12,"용산구",2661,1298,1363,2995,1490,1505
2018.12,"은평구",5494,2607,2887,5736,2830,2906
2018.12,"종로구",1804,901,903,1905,946,959
2018.12,"중구",1676,844,832,1689,835,854
2018.12,"중랑구",4325,2153,2172,4679,2348,2331
2019.01,"강남구",8607,4219,4388,8909,4333,4576
2019.01,"강동구",4591,2248,2343,5327,2675,2652
2019.01,"강북구",3072,1528,1544,3412,1654,1758
2019.01,"강서구",6819,3264,3555,6956,3449,3507
2019.01,"관악구",8787,4295,4492,8712,4367,4345
2019.01,"광진구",4652,2191,2461,4855,2278,2577
2019.01,"구로구",4017,1943,2074,4525,2249,2276
2019.01,"금천구",3080,1566,1514,2868,1478,1390
2019.01,"노원구",5082,2477,2605,6108,3079,3029
2019.01,"도봉구",2789,1357,1432,3344,1673,1671
2019.01,"동대문구",4464,2207,2257,5089,2586,2503
2019.01,"동작구",7076,3401,3675,5891,2865,3026
2019.01,"마포구",5346,2452,2894,5197,2518,2679
2019.01,"서대문구",4805,2340,2465,4256,2054,2202
2019.01,"서초구",6246,3017,3229,6673,3243,3430
2019.01,"성동구",3653,1748,1905,4229,2066,2163
2019.01,"성북구",4564,2144,2420,5155,2480,2675
2019.01,"송파구",14767,7104,7663,10698,5274,5424
2019.01,"양천구",4491,2170,2321,5133,2548,2585
2019.01,"영등포구",5106,2529,2577,4937,2514,2423
2019.01,"용산구",3160,1542,1618,3006,1523,1483
2019.01,"은평구",6182,2953,3229,5839,2837,3002
2019.01,"종로구",1839,914,925,2068,1031,1037
2019.01,"중구",1659,851,808,1534,782,752
2019.01,"중랑구",4083,2069,2014,4310,2217,2093
2019.02,"강남구",10279,5059,5220,10203,4964,5239
2019.02,"강동구",5161,2565,2596,5912,2996,2916
2019.02,"강북구",2960,1397,1563,3396,1667,1729
2019.02,"강서구",6964,3367,3597,7369,3675,3694
2019.02,"관악구",9438,4758,4680,9018,4577,4441
2019.02,"광진구",5356,2536,2820,5452,2646,2806
2019.02,"구로구",4542,2247,2295,5002,2525,2477
2019.02,"금천구",2936,1547,1389,2952,1549,1403
2019.02,"노원구",5937,2998,2939,6901,3451,3450
2019.02,"도봉구",2903,1424,1479,3347,1670,1677
2019.02,"동대문구",5805,3001,2804,5785,2953,2832
2019.02,"동작구",7450,3648,3802,6248,3107,3141
2019.02,"마포구",5839,2624,3215,5834,2810,3024
2019.02,"서대문구",6004,2819,3185,5110,2527,2583
2019.02,"서초구",7166,3441,3725,7309,3524,3785
2019.02,"성동구",4323,2148,2175,5042,2556,2486
2019.02,"성북구",6543,3093,3450,6062,2979,3083
2019.02,"송파구",17175,8271,8904,12817,6262,6555
2019.02,"양천구",5397,2678,2719,5954,2994,2960
2019.02,"영등포구",5737,2845,2892,5482,2728,2754
2019.02,"용산구",3356,1621,1735,3272,1597,1675
2019.02,"은평구",6623,3162,3461,6110,2937,3173
2019.02,"종로구",2555,1278,1277,2524,1307,1217
2019.02,"중구",1951,966,985,1839,940,899
2019.02,"중랑구",4001,1977,2024,4427,2256,2171
2019.03,"강남구",8100,4006,4094,8656,4249,4407
2019.03,"강동구",4863,2414,2449,5838,3023,2815
2019.03,"강북구",3291,1555,1736,4168,2060,2108
2019.03,"강서구",6798,3361,3437,7212,3618,3594
2019.03,"관악구",9033,4652,4381,8873,4584,4289
2019.03,"광진구",4649,2252,2397,5241,2568,2673
2019.03,"구로구",5880,2960,2920,4911,2505,2406
2019.03,"금천구",2916,1534,1382,3092,1631,1461
2019.03,"노원구",5518,2797,2721,6156,3075,3081
2019.03,"도봉구",3142,1561,1581,3687,1810,1877
2019.03,"동대문구",5206,2646,2560,5924,3097,2827
2019.03,"동작구",5848,2879,2969,5682,2888,2794
2019.03,"마포구",5246,2502,2744,5584,2707,2877
2019.03,"서대문구",4395,2156,2239,4358,2159,2199
2019.03,"서초구",5574,2674,2900,6464,3158,3306
2019.03,"성동구",3803,1880,1923,4531,2301,2230
2019.03,"성북구",8564,4187,4377,6076,3014,3062
2019.03,"송파구",14828,7252,7576,11947,5887,6060
2019.03,"양천구",4346,2158,2188,4923,2519,2404
2019.03,"영등포구",5586,2789,2797,5332,2782,2550
2019.03,"용산구",3009,1486,1523,3155,1558,1597
2019.03,"은평구",6620,3208,3412,6443,3169,3274
2019.03,"종로구",2335,1121,1214,2414,1233,1181
2019.03,"중구",1672,853,819,1729,905,824
2019.03,"중랑구",4370,2245,2125,4846,2539,2307
2019.04,"강남구",7601,3635,3966,7455,3629,3826
2019.04,"강동구",4730,2354,2376,5338,2656,2682
2019.04,"강북구",3175,1581,1594,3908,1971,1937
2019.04,"강서구",6876,3397,3479,7123,3553,3570
2019.04,"관악구",7374,3722,3652,7783,4005,3778
2019.04,"광진구",4226,2006,2220,4814,2388,2426
2019.04,"구로구",5305,2627,2678,4593,2339,2254
2019.04,"금천구",3006,1598,1408,2839,1541,1298
2019.04,"노원구",4114,2014,2100,5375,2723,2652
2019.04,"도봉구",3055,1508,1547,3530,1749,1781
2019.04,"동대문구",3955,2017,1938,4412,2318,2094
2019.04,"동작구",5040,2530,2510,4883,2448,2435
2019.04,"마포구",4603,2165,2438,4982,2410,2572
2019.04,"서대문구",3566,1779,1787,3765,1878,1887
2019.04,"서초구",4826,2331,2495,5384,2592,2792
2019.04,"성동구",3293,1667,1626,3981,2057,1924
2019.04,"성북구",6595,3240,3355,5126,2576,2550
2019.04,"송파구",11731,5755,5976,10682,5273,5409
2019.04,"양천구",3960,1958,2002,4499,2241,2258
2019.04,"영등포구",5007,2523,2484,5018,2503,2515
2019.04,"용산구",2713,1375,1338,2973,1502,1471
2019.04,"은평구",6020,2965,3055,6041,3062,2979
2019.04,"종로구",1666,845,821,1939,983,956
2019.04,"중구",1486,734,752,1524,772,752
2019.04,"중랑구",4206,2140,2066,4900,2489,2411
2019.05,"강남구",7166,3453,3713,7062,3473,3589
2019.05,"강동구",4598,2276,2322,4975,2529,2446
2019.05,"강북구",3145,1550,1595,3647,1804,1843
2019.05,"강서구",6768,3298,3470,7044,3534,3510
2019.05,"관악구",7360,3755,3605,7341,3779,3562
2019.05,"광진구",4453,2146,2307,4694,2277,2417
2019.05,"구로구",4191,2067,2124,4486,2210,2276
2019.05,"금천구",2821,1479,1342,2872,1535,1337
2019.05,"노원구",4107,2020,2087,4871,2436,2435
2019.05,"도봉구",3147,1566,1581,3361,1657,1704
2019.05,"동대문구",4031,2076,1955,4076,2117,1959
2019.05,"동작구",4803,2332,2471,4921,2462,2459
2019.05,"마포구",4349,2077,2272,4545,2191,2354
2019.05,"서대문구",3645,1795,1850,3948,1968,1980
2019.05,"서초구",4472,2123,2349,5145,2472,2673
2019.05,"성동구",3263,1616,1647,3715,1873,1842
2019.05,"성북구",4956,2396,2560,4647,2301,2346
2019.05,"송파구",9734,4706,5028,9935,4915,5020
2019.05,"양천구",3743,1885,1858,4412,2225,2187
2019.05,"영등포구",4629,2381,2248,4570,2384,2186
2019.05,"용산구",2951,1439,1512,3014,1496,1518
2019.05,"은평구",5393,2565,2828,5718,2838,2880
2019.05,"종로구",1727,909,818,1979,1046,933
2019.05,"중구",1409,726,683,1548,764,784
2019.05,"중랑구",4020,2089,1931,4683,2360,2323
2019.06,"강남구",6277,3042,3235,6205,3053,3152
2019.06,"강동구",3768,1860,1908,4005,2009,1996
2019.06,"강북구",2655,1310,1345,3062,1521,1541
2019.06,"강서구",5396,2606,2790,6021,2967,3054
2019.06,"관악구",6021,3145,2876,6311,3279,3032
2019.06,"광진구",3606,1798,1808,3920,1908,2012
2019.06,"구로구",3600,1792,1808,3634,1861,1773
2019.06,"금천구",2386,1267,1119,2451,1276,1175
2019.06,"노원구",3251,1590,1661,4043,2076,1967
2019.06,"도봉구",2508,1279,1229,2875,1482,1393
2019.06,"동대문구",3843,1943,1900,3682,1887,1795
2019.06,"동작구",3788,1842,1946,4016,1997,2019
2019.06,"마포구",3368,1590,1778,3713,1791,1922
2019.06,"서대문구",2955,1440,1515,3076,1499,1577
2019.06,"서초구",3904,1887,2017,4378,2140,2238
2019.06,"성동구",2612,1275,1337,3181,1589,1592
2019.06,"성북구",4069,1958,2111,3768,1885,1883
2019.06,"송파구",7074,3453,3621,7872,3906,3966
2019.06,"양천구",3076,1552,1524,3564,1822,1742
2019.06,"영등포구",3853,1958,1895,4040,2135,1905
2019.06,"용산구",2701,1341,1360,2517,1274,1243
2019.06,"은평구",4348,2064,2284,4642,2255,2387
2019.06,"종로구",1442,727,715,1640,776,864
2019.06,"중구",1685,836,849,1366,689,677
2019.06,"중랑구",3642,1817,1825,3951,2052,1899
2019.07,"강남구",7528,3647,3881,7532,3703,3829
2019.07,"강동구",7078,3537,3541,5981,2971,3010
2019.07,"강북구",2690,1340,1350,3227,1577,1650
2019.07,"강서구",6340,3100,3240,7001,3424,3577
2019.07,"관악구",8247,4311,3936,8164,4220,3944
2019.07,"광진구",3821,1876,1945,4565,2248,2317
2019.07,"구로구",4467,2247,2220,4229,2182,2047
2019.07,"금천구",2523,1328,1195,2805,1468,1337
2019.07,"노원구",4203,2060,2143,5398,2699,2699
2019.07,"도봉구",2913,1413,1500,3307,1614,1693
2019.07,"동대문구",4259,2218,2041,4266,2255,2011
2019.07,"동작구",4308,2152,2156,4832,2385,2447
2019.07,"마포구",4171,1934,2237,4885,2326,2559
2019.07,"서대문구",3144,1497,1647,3558,1751,1807
2019.07,"서초구",5222,2480,2742,5311,2617,2694
2019.07,"성동구",2973,1468,1505,3695,1827,1868
2019.07,"성북구",5426,2648,2778,4707,2310,2397
2019.07,"송파구",8122,3956,4166,9067,4488,4579
2019.07,"양천구",3978,1940,2038,4354,2236,2118
2019.07,"영등포구",4454,2256,2198,4661,2410,2251
2019.07,"용산구",2870,1412,1458,2863,1368,1495
2019.07,"은평구",5001,2435,2566,5660,2783,2877
2019.07,"종로구",1718,890,828,1880,957,923
2019.07,"중구",1856,943,913,1616,825,791
2019.07,"중랑구",3976,2010,1966,4801,2468,2333
2019.08,"강남구",8009,3928,4081,7418,3602,3816
2019.08,"강동구",5721,2828,2893,5198,2615,2583
2019.08,"강북구",2817,1418,1399,3238,1597,1641
2019.08,"강서구",6372,3054,3318,7223,3594,3629
2019.08,"관악구",7956,4126,3830,7797,4023,3774
2019.08,"광진구",4193,2026,2167,4460,2183,2277
2019.08,"구로구",4746,2355,2391,4230,2118,2112
2019.08,"금천구",2286,1231,1055,2579,1388,1191
2019.08,"노원구",4505,2279,2226,5745,2918,2827
2019.08,"도봉구",2826,1336,1490,3282,1605,1677
2019.08,"동대문구",4082,2140,1942,3974,2068,1906
2019.08,"동작구",4531,2253,2278,5070,2513,2557
2019.08,"마포구",4409,2036,2373,5016,2386,2630
2019.08,"서대문구",3354,1636,1718,3672,1788,1884
2019.08,"서초구",5340,2556,2784,5481,2617,2864
2019.08,"성동구",3195,1629,1566,3856,1958,1898
2019.08,"성북구",4986,2443,2543,4647,2317,2330
2019.08,"송파구",7449,3631,3818,8477,4181,4296
2019.08,"양천구",4223,2071,2152,4575,2275,2300
2019.08,"영등포구",4164,2093,2071,4590,2381,2209
2019.08,"용산구",2745,1380,1365,2787,1393,1394
2019.08,"은평구",5243,2454,2789,6490,3162,3328
2019.08,"종로구",1851,888,963,1924,942,982
2019.08,"중구",1773,887,886,1786,904,882
2019.08,"중랑구",3816,1913,1903,4487,2266,2221
2019.09,"강남구",7537,3652,3885,6795,3337,3458
2019.09,"강동구",4708,2335,2373,4508,2322,2186
2019.09,"강북구",2590,1271,1319,2964,1487,1477
2019.09,"강서구",6146,2980,3166,6798,3380,3418
2019.09,"관악구",6936,3633,3303,7263,3792,3471
2019.09,"광진구",3750,1822,1928,4154,2086,2068
2019.09,"구로구",4226,2114,2112,3949,1969,1980
2019.09,"금천구",2317,1233,1084,2524,1394,1130
2019.09,"노원구",4371,2107,2264,5012,2530,2482
2019.09,"도봉구",2690,1340,1350,3192,1575,1617
2019.09,"동대문구",3539,1830,1709,3614,1855,1759
2019.09,"동작구",4239,2100,2139,4626,2297,2329
2019.09,"마포구",5068,2438,2630,4720,2293,2427
2019.09,"서대문구",3079,1493,1586,3495,1745,1750
2019.09,"서초구",4566,2202,2364,4962,2427,2535
2019.09,"성동구",2918,1474,1444,3539,1794,1745
2019.09,"성북구",4321,2117,2204,4227,2122,2105
2019.09,"송파구",7014,3357,3657,7434,3676,3758
2019.09,"양천구",3716,1815,1901,4255,2116,2139
2019.09,"영등포구",4219,2124,2095,4486,2326,2160
2019.09,"용산구",2532,1289,1243,2821,1409,1412
2019.09,"은평구",6534,3077,3457,6730,3199,3531
2019.09,"종로구",1754,828,926,1755,898,857
2019.09,"중구",1481,748,733,1502,776,726
2019.09,"중랑구",3718,1925,1793,4110,2046,2064
2019.1,"강남구",8613,4291,4322,7979,4010,3969
2019.1,"강동구",12285,6119,6166,7893,3942,3951
2019.1,"강북구",4360,2138,2222,4201,2052,2149
2019.1,"강서구",7177,3472,3705,7979,3934,4045
2019.1,"관악구",7381,3772,3609,8294,4193,4101
2019.1,"광진구",4510,2183,2327,5050,2512,2538
2019.1,"구로구",4863,2386,2477,4785,2376,2409
2019.1,"금천구",2479,1295,1184,2854,1466,1388
2019.1,"노원구",4988,2434,2554,6402,3138,3264
2019.1,"도봉구",3164,1556,1608,3879,1881,1998
2019.1,"동대문구",3857,2004,1853,4275,2245,2030
2019.1,"동작구",4707,2367,2340,5272,2574,2698
2019.1,"마포구",5454,2614,2840,5287,2555,2732
2019.1,"서대문구",3385,1625,1760,3797,1853,1944
2019.1,"서초구",5312,2580,2732,5623,2721,2902
2019.1,"성동구",3370,1661,1709,4370,2183,2187
2019.1,"성북구",7238,3548,3690,5848,2897,2951
2019.1,"송파구",8041,3932,4109,9346,4632,4714
2019.1,"양천구",4508,2216,2292,5252,2573,2679
2019.1,"영등포구",4706,2392,2314,5186,2674,2512
2019.1,"용산구",2890,1470,1420,3157,1564,1593
2019.1,"은평구",6822,3319,3503,7237,3537,3700
2019.1,"종로구",1736,862,874,1941,967,974
2019.1,"중구",1599,817,782,1742,922,820
2019.1,"중랑구",4622,2338,2284,5478,2778,2700
2019.11,"강남구",7095,3460,3635,6855,3406,3449
2019.11,"강동구",8762,4374,4388,6254,3111,3143
2019.11,"강북구",3896,1924,1972,3733,1862,1871
2019.11,"강서구",5991,2905,3086,6853,3404,3449
2019.11,"관악구",7114,3654,3460,7585,3895,3690
2019.11,"광진구",4136,1955,2181,4677,2309,2368
2019.11,"구로구",4499,2248,2251,4387,2201,2186
2019.11,"금천구",2569,1339,1230,2717,1390,1327
2019.11,"노원구",5098,2546,2552,5501,2744,2757
2019.11,"도봉구",3118,1543,1575,3736,1829,1907
2019.11,"동대문구",3998,2022,1976,3974,2032,1942
2019.11,"동작구",4206,2073,2133,4913,2402,2511
2019.11,"마포구",4803,2234,2569,4677,2222,2455
2019.11,"서대문구",3291,1600,1691,3608,1774,1834
2019.11,"서초구",4779,2256,2523,4992,2402,2590
2019.11,"성동구",3029,1538,1491,3785,1933,1852
2019.11,"성북구",5330,2602,2728,5227,2613,2614
2019.11,"송파구",7790,3801,3989,8487,4140,4347
2019.11,"양천구",3884,1912,1972,4326,2129,2197
2019.11,"영등포구",4328,2209,2119,4679,2371,2308
2019.11,"용산구",2757,1367,1390,2844,1435,1409
2019.11,"은평구",5358,2616,2742,5889,2829,3060
2019.11,"종로구",1695,871,824,1773,878,895
2019.11,"중구",1427,718,709,1519,792,727
2019.11,"중랑구",4059,2012,2047,4729,2351,2378
2019.12,"강남구",8745,4193,4552,8647,4114,4533
2019.12,"강동구",8836,4367,4469,6063,3091,2972
2019.12,"강북구",3395,1645,1750,3666,1795,1871
2019.12,"강서구",6871,3358,3513,7478,3709,3769
2019.12,"관악구",7936,4093,3843,8647,4299,4348
2019.12,"광진구",4839,2253,2586,5206,2452,2754
2019.12,"구로구",4455,2239,2216,4935,2423,2512
2019.12,"금천구",3097,1608,1489,3175,1644,1531
2019.12,"노원구",6009,2981,3028,6583,3318,3265
2019.12,"도봉구",3190,1593,1597,3685,1823,1862
2019.12,"동대문구",4621,2320,2301,4589,2345,2244
2019.12,"동작구",5172,2489,2683,5693,2872,2821
2019.12,"마포구",5110,2386,2724,5133,2472,2661
2019.12,"서대문구",4106,1960,2146,4034,1927,2107
2019.12,"서초구",5928,2828,3100,5912,2856,3056
2019.12,"성동구",3490,1699,1791,4178,2086,2092
2019.12,"성북구",5249,2511,2738,5679,2768,2911
2019.12,"송파구",9548,4611,4937,9539,4669,4870
2019.12,"양천구",4934,2388,2546,5486,2718,2768
2019.12,"영등포구",5085,2506,2579,5272,2636,2636
2019.12,"용산구",3415,1665,1750,3264,1610,1654
2019.12,"은평구",5255,2516,2739,5922,2899,3023
2019.12,"종로구",1953,979,974,2108,1034,1074
2019.12,"중구",1625,796,829,1679,880,799
2019.12,"중랑구",4933,2439,2494,5210,2566,2644
2020.01,"강남구",9024,4358,4666,8306,4007,4299
2020.01,"강동구",10768,5312,5456,6110,3108,3002
2020.01,"강북구",3072,1517,1555,3259,1652,1607
2020.01,"강서구",6494,3065,3429,6789,3346,3443
2020.01,"관악구",8347,4284,4063,8521,4306,4215
2020.01,"광진구",4603,2154,2449,4675,2251,2424
2020.01,"구로구",4687,2367,2320,4683,2343,2340
2020.01,"금천구",3004,1511,1493,2761,1430,1331
2020.01,"노원구",6302,3068,3234,6552,3233,3319
2020.01,"도봉구",2827,1393,1434,3388,1716,1672
2020.01,"동대문구",4536,2232,2304,4642,2349,2293
2020.01,"동작구",5133,2474,2659,5535,2723,2812
2020.01,"마포구",5279,2419,2860,5350,2507,2843
2020.01,"서대문구",5283,2570,2713,4322,2102,2220
2020.01,"서초구",6076,2925,3151,5930,2898,3032
2020.01,"성동구",3714,1825,1889,4255,2116,2139
2020.01,"성북구",5477,2580,2897,5634,2740,2894
2020.01,"송파구",9544,4558,4986,9285,4532,4753
2020.01,"양천구",4989,2455,2534,5274,2639,2635
2020.01,"영등포구",5234,2584,2650,5069,2542,2527
2020.01,"용산구",3733,1819,1914,3041,1485,1556
2020.01,"은평구",5019,2373,2646,5565,2695,2870
2020.01,"종로구",1961,985,976,2026,1025,1001
2020.01,"중구",1715,849,866,1681,803,878
2020.01,"중랑구",4284,2165,2119,4506,2306,2200
2020.02,"강남구",11266,5518,5748,10796,5226,5570
2020.02,"강동구",14024,6863,7161,7998,3964,4034
2020.02,"강북구",3760,1835,1925,4114,1987,2127
2020.02,"강서구",8129,3858,4271,9370,4599,4771
2020.02,"관악구",10209,5137,5072,10482,5217,5265
2020.02,"광진구",5811,2755,3056,6040,2904,3136
2020.02,"구로구",5579,2765,2814,6139,3006,3133
2020.02,"금천구",3186,1640,1546,3399,1770,1629
2020.02,"노원구",8328,4041,4287,9110,4481,4629
2020.02,"도봉구",3657,1826,1831,4282,2166,2116
2020.02,"동대문구",6260,3019,3241,6258,3126,3132
2020.02,"동작구",7313,3455,3858,7762,3805,3957
2020.02,"마포구",7622,3565,4057,7291,3472,3819
2020.02,"서대문구",6869,3171,3698,5869,2837,3032
2020.02,"서초구",7906,3776,4130,7649,3717,3932
2020.02,"성동구",5003,2490,2513,5650,2837,2813
2020.02,"성북구",7704,3603,4101,7672,3748,3924
2020.02,"송파구",11556,5506,6050,12223,5927,6296
2020.02,"양천구",6959,3414,3545,7488,3682,3806
2020.02,"영등포구",9224,4530,4694,7118,3604,3514
2020.02,"용산구",3985,1892,2093,3679,1816,1863
2020.02,"은평구",6260,2891,3369,6663,3240,3423
2020.02,"종로구",2765,1382,1383,2649,1322,1327
2020.02,"중구",2302,1132,1170,2237,1112,1125
2020.02,"중랑구",4910,2381,2529,5344,2671,2673
2020.03,"강남구",8222,3921,4301,9848,4731,5117
2020.03,"강동구",15041,7326,7715,9332,4603,4729
2020.03,"강북구",4282,2139,2143,4505,2208,2297
2020.03,"강서구",8871,4343,4528,10055,4910,5145
2020.03,"관악구",10613,5416,5197,10835,5492,5343
2020.03,"광진구",5830,2776,3054,6461,3203,3258
2020.03,"구로구",5646,2806,2840,6069,3101,2968
2020.03,"금천구",3405,1818,1587,3632,1905,1727
2020.03,"노원구",7261,3456,3805,8053,3998,4055
2020.03,"도봉구",3836,1862,1974,4613,2266,2347
2020.03,"동대문구",6636,3305,3331,6523,3209,3314
2020.03,"동작구",7148,3473,3675,7367,3642,3725
2020.03,"마포구",7359,3450,3909,7162,3421,3741
2020.03,"서대문구",7049,3376,3673,5740,2745,2995
2020.03,"서초구",6043,2855,3188,6832,3264,3568
2020.03,"성동구",4941,2376,2565,5750,2782,2968
2020.03,"성북구",7076,3301,3775,7050,3419,3631
2020.03,"송파구",10280,4920,5360,12099,5983,6116
2020.03,"양천구",5242,2622,2620,6224,3056,3168
2020.03,"영등포구",8958,4438,4520,7191,3591,3600
2020.03,"용산구",3798,1795,2003,3879,1891,1988
2020.03,"은평구",6494,3018,3476,7426,3582,3844
2020.03,"종로구",2581,1302,1279,2634,1304,1330
2020.03,"중구",2226,1073,1153,2307,1193,1114
2020.03,"중랑구",5564,2690,2874,6219,3072,3147
2020.04,"강남구",6544,3123,3421,8110,3858,4252
2020.04,"강동구",9132,4517,4615,6773,3407,3366
2020.04,"강북구",3734,1854,1880,3957,1957,2000
2020.04,"강서구",7176,3476,3700,8294,4055,4239
2020.04,"관악구",8115,4019,4096,8485,4290,4195
2020.04,"광진구",4729,2179,2550,5123,2526,2597
2020.04,"구로구",4548,2289,2259,5164,2616,2548
2020.04,"금천구",2829,1489,1340,3008,1574,1434
2020.04,"노원구",5344,2637,2707,6052,3000,3052
2020.04,"도봉구",3551,1764,1787,4062,2050,2012
2020.04,"동대문구",4492,2252,2240,4861,2522,2339
2020.04,"동작구",5465,2658,2807,5511,2726,2785
2020.04,"마포구",5323,2471,2852,5500,2582,2918
2020.04,"서대문구",4520,2150,2370,4343,2125,2218
2020.04,"서초구",4623,2218,2405,5540,2596,2944
2020.04,"성동구",3702,1811,1891,4534,2288,2246
2020.04,"성북구",5124,2428,2696,5423,2597,2826
2020.04,"송파구",7797,3713,4084,9171,4512,4659
2020.04,"양천구",6593,3215,3378,5824,2900,2924
2020.04,"영등포구",6160,3109,3051,5895,2989,2906
2020.04,"용산구",3008,1484,1524,3218,1555,1663
2020.04,"은평구",6412,3075,3337,6410,3121,3289
2020.04,"종로구",1912,978,934,2161,1099,1062
2020.04,"중구",1659,827,832,1699,887,812
2020.04,"중랑구",4716,2365,2351,5207,2622,2585
2020.05,"강남구",6448,3059,3389,7823,3872,3951
2020.05,"강동구",6698,3276,3422,5453,2729,2724
2020.05,"강북구",3379,1697,1682,3734,1902,1832
2020.05,"강서구",6553,3150,3403,7359,3598,3761
2020.05,"관악구",8311,4259,4052,7831,4028,3803
2020.05,"광진구",4275,2088,2187,4512,2260,2252
2020.05,"구로구",4661,2291,2370,4932,2440,2492
2020.05,"금천구",2838,1486,1352,2810,1521,1289
2020.05,"노원구",4693,2311,2382,5350,2602,2748
2020.05,"도봉구",3301,1595,1706,3802,1941,1861
2020.05,"동대문구",3948,1986,1962,3918,2016,1902
2020.05,"동작구",4993,2446,2547,4825,2372,2453
2020.05,"마포구",5227,2389,2838,4857,2283,2574
2020.05,"서대문구",3589,1750,1839,3528,1757,1771
2020.05,"서초구",4982,2366,2616,5428,2574,2854
2020.05,"성동구",3528,1721,1807,4010,2005,2005
2020.05,"성북구",4800,2228,2572,4812,2337,2475
2020.05,"송파구",7144,3464,3680,8059,3991,4068
2020.05,"양천구",6456,3216,3240,5394,2679,2715
2020.05,"영등포구",5144,2582,2562,4886,2529,2357
2020.05,"용산구",2911,1387,1524,2896,1464,1432
2020.05,"은평구",6015,2862,3153,5946,2837,3109
2020.05,"종로구",1642,834,808,1957,988,969
2020.05,"중구",1623,813,810,1625,837,788
2020.05,"중랑구",4575,2246,2329,4696,2364,2332
2020.06,"강남구",6576,3135,3441,7341,3573,3768
2020.06,"강동구",6103,2998,3105,5335,2693,2642
2020.06,"강북구",3625,1749,1876,4043,1992,2051
2020.06,"강서구",6925,3280,3645,7599,3700,3899
2020.06,"관악구",8525,4366,4159,8171,4117,4054
2020.06,"광진구",4511,2126,2385,4721,2284,2437
2020.06,"구로구",5260,2638,2622,5257,2661,2596
2020.06,"금천구",2955,1484,1471,3112,1600,1512
2020.06,"노원구",4936,2394,2542,5665,2788,2877
2020.06,"도봉구",3227,1550,1677,3754,1857,1897
2020.06,"동대문구",4192,2120,2072,4359,2247,2112
2020.06,"동작구",5071,2456,2615,5136,2553,2583
2020.06,"마포구",4687,2118,2569,5127,2424,2703
2020.06,"서대문구",3723,1763,1960,3852,1875,1977
2020.06,"서초구",5645,2673,2972,6141,2927,3214
2020.06,"성동구",3581,1729,1852,4078,2066,2012
2020.06,"성북구",4822,2253,2569,5115,2405,2710
2020.06,"송파구",7430,3564,3866,8170,3960,4210
2020.06,"양천구",5049,2510,2539,5286,2678,2608
2020.06,"영등포구",5938,2983,2955,5166,2595,2571
2020.06,"용산구",3046,1452,1594,3029,1466,1563
2020.06,"은평구",8577,4132,4445,7039,3516,3523
2020.06,"종로구",1790,904,886,2035,1024,1011
2020.06,"중구",1628,776,852,1676,827,849
2020.06,"중랑구",4470,2164,2306,5017,2482,2535
2020.07,"강남구",6870,3357,3513,7504,3526,3978
2020.07,"강동구",5434,2685,2749,5334,2733,2601
2020.07,"강북구",3139,1535,1604,3713,1839,1874
2020.07,"강서구",6642,3208,3434,7383,3600,3783
2020.07,"관악구",7340,3802,3538,7362,3779,3583
2020.07,"광진구",3983,1990,1993,4345,2114,2231
2020.07,"구로구",4802,2395,2407,4748,2362,2386
2020.07,"금천구",2455,1276,1179,2771,1473,1298
2020.07,"노원구",4545,2176,2369,5420,2661,2759
2020.07,"도봉구",3098,1561,1537,3756,1898,1858
2020.07,"동대문구",3776,1936,1840,4199,2164,2035
2020.07,"동작구",4578,2263,2315,4890,2406,2484
2020.07,"마포구",4651,2136,2515,4996,2352,2644
2020.07,"서대문구",3481,1659,1822,3913,1874,2039
2020.07,"서초구",5375,2617,2758,6128,2948,3180
2020.07,"성동구",3332,1645,1687,3897,1902,1995
2020.07,"성북구",4496,2144,2352,5101,2510,2591
2020.07,"송파구",8416,4107,4309,8448,4158,4290
2020.07,"양천구",4683,2275,2408,5077,2574,2503
2020.07,"영등포구",5326,2606,2720,4652,2376,2276
2020.07,"용산구",2876,1373,1503,2889,1460,1429
2020.07,"은평구",8103,3843,4260,6405,3075,3330
2020.07,"종로구",1725,881,844,1893,940,953
2020.07,"중구",1479,771,708,1609,816,793
2020.07,"중랑구",5020,2481,2539,5111,2579,2532
2020.08,"강남구",7493,3642,3851,8003,3875,4128
2020.08,"강동구",5811,2861,2950,5895,2957,2938
2020.08,"강북구",3049,1537,1512,3638,1823,1815
2020.08,"강서구",6996,3428,3568,8495,4174,4321
2020.08,"관악구",7679,3863,3816,8151,4161,3990
2020.08,"광진구",4218,2053,2165,4842,2334,2508
2020.08,"구로구",5619,2805,2814,5464,2726,2738
2020.08,"금천구",3167,1589,1578,3135,1666,1469
2020.08,"노원구",4922,2384,2538,6158,3043,3115
2020.08,"도봉구",3037,1482,1555,3808,1832,1976
2020.08,"동대문구",4291,2205,2086,4810,2405,2405
2020.08,"동작구",4832,2434,2398,5649,2725,2924
2020.08,"마포구",4981,2300,2681,5452,2577,2875
2020.08,"서대문구",4792,2279,2513,4425,2148,2277
2020.08,"서초구",5197,2484,2713,6246,3000,3246
2020.08,"성동구",3286,1662,1624,4036,2003,2033
2020.08,"성북구",4441,2102,2339,5259,2582,2677
2020.08,"송파구",8843,4360,4483,9263,4588,4675
2020.08,"양천구",4844,2389,2455,5454,2742,2712
2020.08,"영등포구",6530,3248,3282,5641,2840,2801
2020.08,"용산구",2977,1464,1513,3067,1517,1550
2020.08,"은평구",6314,2958,3356,5777,2808,2969
2020.08,"종로구",1803,865,938,1986,985,1001
2020.08,"중구",1584,788,796,1592,791,801
2020.08,"중랑구",7098,3519,3579,5602,2783,2819
2020.09,"강남구",7101,3468,3633,8060,3925,4135
2020.09,"강동구",7165,3540,3625,6554,3276,3278
2020.09,"강북구",3456,1714,1742,3934,1914,2020
2020.09,"강서구",7295,3529,3766,8748,4253,4495
2020.09,"관악구",7426,3736,3690,8199,4161,4038
2020.09,"광진구",4323,2067,2256,4939,2452,2487
2020.09,"구로구",5794,2878,2916,5847,2909,2938
2020.09,"금천구",3233,1590,1643,3156,1609,1547
2020.09,"노원구",5260,2585,2675,6486,3239,3247
2020.09,"도봉구",3506,1736,1770,4242,2072,2170
2020.09,"동대문구",4513,2248,2265,4778,2442,2336
2020.09,"동작구",5087,2493,2594,5708,2843,2865
2020.09,"마포구",5736,2621,3115,5867,2766,3101
2020.09,"서대문구",5242,2443,2799,4692,2259,2433
2020.09,"서초구",5666,2715,2951,6978,3349,3629
2020.09,"성동구",3550,1767,1783,4207,2038,2169
2020.09,"성북구",4736,2291,2445,5395,2677,2718
2020.09,"송파구",8411,4050,4361,9534,4616,4918
2020.09,"양천구",4653,2290,2363,5423,2679,2744
2020.09,"영등포구",5978,2965,3013,5653,2834,2819
2020.09,"용산구",3831,1875,1956,3435,1673,1762
2020.09,"은평구",6389,3001,3388,6575,3139,3436
2020.09,"종로구",2038,974,1064,2058,1018,1040
2020.09,"중구",1814,883,931,2011,1000,1011
2020.09,"중랑구",5705,2788,2917,5473,2713,2760
2020.1,"강남구",9327,4500,4827,8464,4025,4439
2020.1,"강동구",6585,3285,3300,6184,3031,3153
2020.1,"강북구",3226,1579,1647,3857,1873,1984
2020.1,"강서구",7423,3614,3809,8375,4118,4257
2020.1,"관악구",6676,3471,3205,8125,4099,4026
2020.1,"광진구",4497,2126,2371,4943,2425,2518
2020.1,"구로구",5061,2511,2550,5311,2641,2670
2020.1,"금천구",2892,1461,1431,2939,1542,1397
2020.1,"노원구",5108,2469,2639,6015,3010,3005
2020.1,"도봉구",3711,1796,1915,4271,2114,2157
2020.1,"동대문구",4057,1990,2067,4631,2381,2250
2020.1,"동작구",4926,2433,2493,5822,2873,2949
2020.1,"마포구",5164,2409,2755,5780,2714,3066
2020.1,"서대문구",4047,1986,2061,4435,2159,2276
2020.1,"서초구",7508,3570,3938,8036,3786,4250
2020.1,"성동구",3714,1793,1921,4456,2192,2264
2020.1,"성북구",4901,2374,2527,5684,2750,2934
2020.1,"송파구",8417,4110,4307,9948,4858,5090
2020.1,"양천구",5045,2449,2596,5628,2743,2885
2020.1,"영등포구",7013,3467,3546,5872,2903,2969
2020.1,"용산구",3590,1798,1792,3363,1657,1706
2020.1,"은평구",5809,2803,3006,6145,2979,3166
2020.1,"종로구",1771,862,909,1988,1012,976
2020.1,"중구",1530,726,804,1681,824,857
2020.1,"중랑구",4790,2369,2421,5147,2586,2561
2020.11,"강남구",7572,3666,3906,7869,3791,4078
2020.11,"강동구",5709,2812,2897,5639,2851,2788
2020.11,"강북구",3316,1643,1673,3900,1909,1991
2020.11,"강서구",7112,3432,3680,7820,3816,4004
2020.11,"관악구",6943,3549,3394,7979,4104,3875
2020.11,"광진구",4295,2080,2215,4645,2244,2401
2020.11,"구로구",4649,2395,2254,5003,2542,2461
2020.11,"금천구",2847,1458,1389,3036,1520,1516
2020.11,"노원구",4770,2377,2393,5519,2749,2770
2020.11,"도봉구",3284,1614,1670,3789,1872,1917
2020.11,"동대문구",3947,1997,1950,4359,2208,2151
2020.11,"동작구",4613,2237,2376,5400,2696,2704
2020.11,"마포구",4873,2335,2538,5475,2617,2858
2020.11,"서대문구",3601,1709,1892,4042,1985,2057
2020.11,"서초구",5746,2776,2970,5911,2809,3102
2020.11,"성동구",3152,1571,1581,3806,1899,1907
2020.11,"성북구",4526,2208,2318,5410,2658,2752
2020.11,"송파구",8892,4300,4592,9423,4615,4808
2020.11,"양천구",4446,2183,2263,5033,2553,2480
2020.11,"영등포구",6825,3438,3387,5558,2817,2741
2020.11,"용산구",3130,1536,1594,3006,1493,1513
2020.11,"은평구",5460,2577,2883,5946,2928,3018
2020.11,"종로구",1755,858,897,1883,941,942
2020.11,"중구",1556,779,777,1701,851,850
2020.11,"중랑구",4544,2258,2286,4897,2484,2413
2020.12,"강남구",8882,4284,4598,9458,4584,4874
2020.12,"강동구",8967,4397,4570,7664,3828,3836
2020.12,"강북구",3587,1728,1859,4002,1954,2048
2020.12,"강서구",7582,3601,3981,9286,4580,4706
2020.12,"관악구",8117,4150,3967,9085,4618,4467
2020.12,"광진구",4851,2297,2554,5457,2597,2860
2020.12,"구로구",4579,2251,2328,5407,2637,2770
2020.12,"금천구",2942,1513,1429,3204,1631,1573
2020.12,"노원구",6707,3272,3435,7327,3649,3678
2020.12,"도봉구",3400,1715,1685,4125,2111,2014
2020.12,"동대문구",4260,2135,2125,4797,2433,2364
2020.12,"동작구",5337,2602,2735,6045,2983,3062
2020.12,"마포구",5313,2441,2872,5810,2744,3066
2020.12,"서대문구",4308,2048,2260,4418,2145,2273
2020.12,"서초구",6483,3132,3351,6850,3293,3557
2020.12,"성동구",3650,1796,1854,4417,2182,2235
2020.12,"성북구",4850,2339,2511,5676,2774,2902
2020.12,"송파구",10198,4881,5317,10834,5262,5572
2020.12,"양천구",5122,2581,2541,5916,2975,2941
2020.12,"영등포구",6979,3450,3529,5825,2898,2927
2020.12,"용산구",3397,1680,1717,3483,1717,1766
2020.12,"은평구",5512,2606,2906,6268,3064,3204
2020.12,"종로구",1889,927,962,1984,984,1000
2020.12,"중구",1661,830,831,1914,960,954
2020.12,"중랑구",4538,2220,2318,4993,2467,2526
2021.01,"강남구",7487,3674,3813,8193,4006,4187
2021.01,"강동구",7743,3872,3871,6421,3216,3205
2021.01,"강북구",2906,1424,1482,3389,1689,1700
2021.01,"강서구",6247,3032,3215,7255,3587,3668
2021.01,"관악구",7286,3669,3617,8112,4114,3998
2021.01,"광진구",4059,1923,2136,4684,2265,2419
2021.01,"구로구",3675,1822,1853,4627,2267,2360
2021.01,"금천구",2551,1297,1254,2652,1371,1281
2021.01,"노원구",5328,2643,2685,6452,3230,3222
2021.01,"도봉구",2601,1293,1308,3486,1758,1728
2021.01,"동대문구",3537,1821,1716,4299,2190,2109
2021.01,"동작구",4646,2262,2384,5464,2695,2769
2021.01,"마포구",4538,2126,2412,4914,2306,2608
2021.01,"서대문구",3507,1693,1814,3940,1833,2107
2021.01,"서초구",5255,2473,2782,5729,2763,2966
2021.01,"성동구",3298,1634,1664,3809,1901,1908
2021.01,"성북구",6304,3158,3146,5743,2810,2933
2021.01,"송파구",8829,4253,4576,9646,4642,5004
2021.01,"양천구",4096,2076,2020,4973,2484,2489
2021.01,"영등포구",5631,2804,2827,5038,2543,2495
2021.01,"용산구",2892,1377,1515,2894,1394,1500
2021.01,"은평구",4490,2084,2406,5063,2502,2561
2021.01,"종로구",1658,824,834,1887,914,973
2021.01,"중구",1585,787,798,1758,873,885
2021.01,"중랑구",4266,2112,2154,4427,2272,2155
2021.02,"강남구",9379,4514,4865,10064,4930,5134
2021.02,"강동구",10196,5008,5188,7406,3687,3719
2021.02,"강북구",3208,1560,1648,4006,1918,2088
2021.02,"강서구",8317,3931,4386,8459,4122,4337
2021.02,"관악구",8358,4230,4128,9133,4583,4550
2021.02,"광진구",4726,2225,2501,5546,2630,2916
2021.02,"구로구",4350,2098,2252,5253,2647,2606
2021.02,"금천구",2600,1396,1204,2934,1559,1375
2021.02,"노원구",6149,3015,3134,7556,3803,3753
2021.02,"도봉구",3151,1534,1617,3946,1993,1953
2021.02,"동대문구",5209,2543,2666,5442,2699,2743
2021.02,"동작구",6461,3171,3290,7176,3504,3672
2021.02,"마포구",5731,2593,3138,6035,2807,3228
2021.02,"서대문구",4599,2153,2446,5176,2436,2740
2021.02,"서초구",6476,3089,3387,7416,3519,3897
2021.02,"성동구",4237,2087,2150,4826,2345,2481
2021.02,"성북구",7351,3553,3798,7051,3376,3675
2021.02,"송파구",10344,4995,5349,12160,5950,6210
2021.02,"양천구",7471,3678,3793,6567,3288,3279
2021.02,"영등포구",6206,3018,3188,6076,3019,3057
2021.02,"용산구",3768,1751,2017,3647,1769,1878
2021.02,"은평구",5008,2325,2683,5895,2834,3061
2021.02,"종로구",2288,1122,1166,2490,1244,1246
2021.02,"중구",1854,911,943,2052,1021,1031
2021.02,"중랑구",4499,2208,2291,5039,2484,2555
2021.03,"강남구",8868,4298,4570,10145,4954,5191
2021.03,"강동구",9942,4826,5116,7823,3876,3947
2021.03,"강북구",3802,1865,1937,4286,2121,2165
2021.03,"강서구",9737,4708,5029,9491,4733,4758
2021.03,"관악구",9971,5001,4970,10248,5193,5055
2021.03,"광진구",5432,2551,2881,5827,2775,3052
2021.03,"구로구",5175,2591,2584,5421,2685,2736
2021.03,"금천구",3388,1732,1656,3440,1766,1674
2021.03,"노원구",6372,3075,3297,7049,3479,3570
2021.03,"도봉구",3754,1831,1923,4319,2122,2197
2021.03,"동대문구",5640,2802,2838,5544,2766,2778
2021.03,"동작구",7245,3504,3741,6856,3326,3530
2021.03,"마포구",6599,3104,3495,6786,3162,3624
2021.03,"서대문구",4930,2252,2678,5090,2455,2635
2021.03,"서초구",6102,2914,3188,7127,3392,3735
2021.03,"성동구",4656,2282,2374,5041,2575,2466
2021.03,"성북구",6761,3180,3581,6949,3386,3563
2021.03,"송파구",10653,5079,5574,12743,6230,6513
2021.03,"양천구",6162,3048,3114,6402,3256,3146
2021.03,"영등포구",6206,3027,3179,6220,3129,3091
2021.03,"용산구",4462,2111,2351,3882,1942,1940
2021.03,"은평구",6021,2859,3162,6651,3231,3420
2021.03,"종로구",2644,1266,1378,2697,1353,1344
2021.03,"중구",1966,949,1017,2144,1075,1069
2021.03,"중랑구",5129,2534,2595,5652,2860,2792
